2.70805020110221 1.09861228866811 0
2.83321334405622 1.09861228866811 0.375489428862018
2.94443897916644 1.38629436111989 0.709166334192691
3.04452243772342 1.94591014905531 1.00941670986364
3.13549421592915 1.09861228866811 1.28233204448082
3.2188758248682 1.38629436111989 1.53247687129797
3.29583686600433 1.79175946922806 1.76335999470636
3.36729582998647 1.94591014905531 1.97773688665279
3.43398720448515 2.07944154167984 2.17781101014881
3.49650756146648 2.30258509299405 2.36537208109281
3.55534806148941 2.484906649788 2.54189358116161
3.61091791264422 2.63905732961526 2.70860313462604
3.66356164612965 2.77258872223978 2.86653433508231
3.71357206670431 2.89037175789616 3.01656559680629
3.76120011569356 3.13549421592915 3.15944974377406
3.80666248977032 3.2188758248682 3.29583686600433
3.85014760171006 3.3322045101752 3.42629220182355
3.89182029811063 3.46573590279973 3.55131029102525
3.93182563272433 3.58351893845611 3.67132629486635
3.97029191355212 3.68887945411394 3.78672513734974
4.00733318523247 3.80666248977032 3.89784895239078
4.04305126783455 3.97029191355212 4.00500320019702
4.07753744390572 4.15888308335967 4.10846172841053
4.11087386417331 4.15888308335967 4.2084709892133
4.14313472639153 4.18965474202643 4.30525357586797
4.17438726989564 4.29045944114839 4.39901120638028
4.20469261939097 4.49980967033027 4.48992725486627
4.23410650459726 4.47733681447821 4.57816891048515
4.26267987704132 4.58496747867057 4.66388902781732
4.29045944114839 4.62497281328427 4.74722772013854
4.31748811353631 4.72738781871234 4.8283137373023
4.34380542185368 4.81218435537242 4.90726566225442
4.36944785246702 4.86753445045558 4.98419295409443
4.39444915467244 5.06259503302697 5.05919686071069
4.4188406077966 5.01727983681492 5.13237122008317
4.44265125649032 5.20948615284142 5.20380316616432
4.46590811865458 5.28826703069454 5.27357375265712
4.48863636973214 5.33271879326537 5.34175850588979
4.51085950651685 5.27811465923052 5.40842791624392
4.53259949315326 5.51745289646471 5.47364787615314
4.55387689160054 5.54126354515843 5.53748007149499
4.57471097850338 5.47227067367148 5.59998233220352
4.59511985013459 5.65248918026865 5.66120894709714
