15 0.693147180559945 -Infinity 2.63905732961526
17 0 0.693147180559945 2.19722457733622
19 0 0 2.484906649788
21 0.693147180559945 0.693147180559945 3.13549421592915
23 1.09861228866811 0.693147180559945 3.46573590279973
25 1.6094379124341 0.693147180559945 4.43081679884331
27 1.79175946922806 0.693147180559945 4.40671924726425
29 1.94591014905531 1.94591014905531 4.49980967033027
31 2.39789527279837 2.77258872223978 4.72738781871234
33 2.484906649788 2.89037175789616 5.53733426701854
35 2.484906649788 2.56494935746154 5.36129216570943
37 2.63905732961526 1.79175946922806 5.40267738187228
39 2.77258872223978 2.39789527279837 5.47646355193151
41 3.04452243772342 2.07944154167984 5.56068163101553
43 3.09104245335832 3.25809653802148 5.89989735358249
45 3.17805383034795 3.43398720448515 6.06610809010375
47 3.3322045101752 2.07944154167984 6.20253551718792
49 3.46573590279973 2.19722457733622 6.42486902390539
51 3.71357206670431 2.484906649788 6.57786135772105
53 3.68887945411394 2.70805020110221 6.78671695060508
55 3.95124371858143 3.58351893845611 6.94022246911964
57 3.89182029811063 2.89037175789616 6.91869521902047
59 4.06044301054642 3.58351893845611 6.94119005506837
61 4.12713438504509 3.04452243772342 7.25417784645652
63 4.21950770517611 4.47733681447821 7.44073370738926
65 4.29045944114839 4.80402104473326 7.72488843932307
67 4.52178857704904 4.0943445622221 7.56631101477246
69 4.47733681447821 3.40119738166216 7.60837447438078
71 4.69134788222914 3.43398720448515 7.77863014732581
73 4.64439089914137 3.73766961828337 7.88945914940452
75 4.70953020131233 4.02535169073515 7.9355873855892
77 4.91265488573605 3.98898404656427 8.60263667323371
79 5.01727983681492 3.68887945411394 8.26384813136891
81 5.07517381523383 4.58496747867057 8.26565016558033
83 5.03043792139244 3.52636052461616 8.4084937744929
85 5.20948615284142 4.66343909411207 9.45281585158988
87 5.27811465923052 4.85981240436167 8.7340771925593
89 5.33753807970132 4.65396035015752 8.6941671418836
91 5.40717177146012 4.20469261939097 8.87304779897107
93 5.46806014113513 5.04342511691925 8.8405801884888
95 5.53733426701854 4.67282883446191 8.84592123330402
97 5.61677109766657 5.21493575760899 8.98819632099506
99 5.67332326717149 4.85203026391962 9.06137621883622
