0 1
0.00628632847141529 0.997191016361934
0.0125726569428306 0.994382032723867
0.0188589854142459 0.9915730490858
0.0251453138856612 0.988764065447734
0.0314316423570765 0.985955081809667
0.0377179708284918 0.983146098171601
0.0440042992999071 0.980337114533534
0.0502906277713224 0.977528130895468
0.0565769562427376 0.974719147257401
0.0628632847141529 0.971910163619335
0.0691496131855682 0.969101179981268
0.0754359416569835 0.966292196343202
0.0817222701283988 0.963483212705135
0.0880085985998141 0.960674229067069
0.0942949270712294 0.957865245429002
0.100581255542645 0.955056261790936
0.10686758401406 0.952247278152869
0.113153912485475 0.949438294514803
0.119440240956891 0.946629310876736
0.125726569428306 0.94382032723867
0.132012897899721 0.941011343600603
0.138299226371136 0.938202359962537
0.144585554842552 0.93539337632447
0.150871883313967 0.932584392686403
0.157158211785382 0.929775409048337
0.163444540256798 0.926966425410271
0.169730868728213 0.924157441772204
0.176017197199628 0.921348458134137
0.182303525671044 0.918539474496071
0.188589854142459 0.915730490858004
0.194876182613874 0.912921507219938
0.201162511085289 0.910112523581871
0.207448839556705 0.907303539943805
0.21373516802812 0.904494556305738
0.220021496499535 0.901685572667672
0.226307824970951 0.898876589029605
0.232594153442366 0.896067605391539
0.238880481913781 0.893258621753472
0.245166810385196 0.890449638115406
0.251453138856612 0.887640654477339
0.257739467328027 0.884831670839273
0.264025795799442 0.882022687201206
0.270312124270858 0.87921370356314
0.276598452742273 0.876404719925073
0.282884781213688 0.873595736287007
0.289171109685104 0.87078675264894
0.295457438156519 0.867977769010874
0.301743766627934 0.865168785372807
0.308030095099349 0.86235980173474
0.314316423570765 0.859550818096674
0.32060275204218 0.856741834458608
0.326889080513595 0.853932850820541
0.333175408985011 0.851123867182474
0.339461737456426 0.848314883544408
0.345748065927841 0.845505899906341
0.352034394399256 0.842696916268275
0.358320722870672 0.839887932630208
0.364607051342087 0.837078948992142
0.370893379813502 0.834269965354075
0.377179708284918 0.831460981716009
0.383466036756333 0.828651998077942
0.389752365227748 0.825843014439876
0.396038693699164 0.823034030801809
0.402325022170579 0.820225047163743
0.408611350641994 0.817416063525676
0.414897679113409 0.81460707988761
0.421184007584825 0.811798096249543
0.42747033605624 0.808989112611477
0.433756664527655 0.80618012897341
0.440042992999071 0.803371145335344
0.446329321470486 0.800562161697277
0.452615649941901 0.797753178059211
0.458901978413316 0.794944194421144
0.465188306884732 0.792135210783077
0.471474635356147 0.789326227145011
0.477760963827562 0.786517243506945
0.484047292298978 0.783708259868878
0.490333620770393 0.780899276230811
0.496619949241808 0.778090292592745
0.502906277713223 0.775281308954678
0.509192606184639 0.772472325316612
0.515478934656054 0.769663341678545
0.521765263127469 0.766854358040479
0.528051591598885 0.764045374402412
0.5343379200703 0.761236390764346
0.540624248541715 0.758427407126279
0.546910577013131 0.755618423488213
0.553196905484546 0.752809439850146
0.559483233955961 0.75000045621208
0.565769562427376 0.747191472574013
0.572055890898792 0.744382488935947
0.578342219370207 0.74157350529788
0.584628547841622 0.738764521659814
0.590914876313038 0.735955538021747
0.597201204784453 0.733146554383681
0.603487533255868 0.730337570745614
0.609773861727284 0.727528587107548
0.616060190198699 0.724719603469481
0.622346518670114 0.721910619831415
0.628632847141529 0.719101636193348
0.634919175612945 0.716292652555282
0.64120550408436 0.713483668917215
0.647491832555775 0.710674685279148
0.653778161027191 0.707865701641082
0.660064489498606 0.705056718003015
0.666350817970021 0.702247734364949
0.672637146441436 0.699438750726882
0.678923474912852 0.696629767088816
0.685209803384267 0.693820783450749
0.691496131855682 0.691011799812683
0.697782460327098 0.688202816174616
0.704068788798513 0.68539383253655
0.710355117269928 0.682584848898483
0.716641445741343 0.679775865260417
0.722927774212759 0.67696688162235
0.729214102684174 0.674157897984284
0.735500431155589 0.671348914346217
0.741786759627005 0.668539930708151
0.74807308809842 0.665730947070084
0.754359416569835 0.662921963432018
0.760645745041251 0.660112979793951
0.766932073512666 0.657303996155885
0.773218401984081 0.654495012517818
0.779504730455496 0.651686028879752
0.785791058926912 0.648877045241685
0.792077387398327 0.646068061603619
0.798363715869742 0.643259077965552
0.804650044341158 0.640450094327485
0.810936372812573 0.637641110689419
0.817222701283988 0.634832127051352
0.823509029755404 0.632023143413286
0.829795358226819 0.629214159775219
0.836081686698234 0.626405176137153
0.842368015169649 0.623596192499086
0.848654343641065 0.62078720886102
0.85494067211248 0.617978225222953
0.861227000583895 0.615169241584887
0.867513329055311 0.61236025794682
0.873799657526726 0.609551274308754
0.880085985998141 0.606742290670687
0.886372314469556 0.603933307032621
0.892658642940972 0.601124323394554
0.898944971412387 0.598315339756488
0.905231299883802 0.595506356118421
0.911517628355218 0.592697372480355
0.917803956826633 0.589888388842288
0.924090285298048 0.587079405204222
0.930376613769463 0.584270421566155
0.936662942240879 0.581461437928088
0.942949270712294 0.578652454290022
0.949235599183709 0.575843470651956
0.955521927655125 0.573034487013889
0.96180825612654 0.570225503375822
0.968094584597955 0.566680049932096
0.974380913069371 0.560679697136169
0.980667241540786 0.554679344340242
0.986953570012201 0.548678991544315
0.993239898483616 0.542678638748388
0.999526226955032 0.536678285952461
1.00581255542645 0.530677933156534
1.01209888389786 0.524677580360607
1.01838521236928 0.51867722756468
1.02467154084069 0.512676874768753
1.03095786931211 0.506676521972826
1.03724419778352 0.500676169176899
1.04353052625494 0.494675816380972
1.04981685472635 0.488675463585045
1.05610318319777 0.482675110789118
1.06238951166918 0.476674757993191
1.0686758401406 0.470674405197264
1.07496216861202 0.464674052401338
1.08124849708343 0.45867369960541
1.08753482555485 0.452673346809484
1.09382115402626 0.446672994013557
1.10010748249768 0.44067264121763
1.10639381096909 0.434672288421703
1.11268013944051 0.428671935625776
1.11896646791192 0.422671582829849
1.12525279638334 0.416671230033922
1.13153912485475 0.410670877237995
1.13782545332617 0.404670524442068
1.14411178179758 0.398670171646141
1.150398110269 0.392669818850214
1.15668443874041 0.386669466054287
1.16297076721183 0.38066911325836
1.16925709568324 0.374668760462433
1.17554342415466 0.368668407666506
1.18182975262608 0.362668054870579
1.18811608109749 0.356667702074652
1.19440240956891 0.350667349278725
1.20068873804032 0.344666996482798
1.20697506651174 0.338666643686871
1.21326139498315 0.332666290890945
1.21954772345457 0.326665938095017
1.22583405192598 0.320665585299091
1.2321203803974 0.314665232503164
1.23840670886881 0.308664879707237
1.24469303734023 0.30266452691131
1.25097936581164 0.296664174115383
1.25726569428306 0.290663821319456
1.26355202275447 0.284663468523529
1.26983835122589 0.278663115727602
1.2761246796973 0.272662762931675
1.28241100816872 0.266662410135748
1.28869733664014 0.260662057339821
1.29498366511155 0.254661704543894
1.30126999358297 0.248661351747967
1.30755632205438 0.24266099895204
1.3138426505258 0.236660646156113
1.32012897899721 0.230660293360186
1.32641530746863 0.224659940564259
1.33270163594004 0.218659587768332
1.33898796441146 0.212659234972405
1.34527429288287 0.206658882176478
1.35156062135429 0.200658529380551
1.3578469498257 0.194658176584624
1.36413327829712 0.188657823788698
1.37041960676853 0.18265747099277
1.37670593523995 0.176657118196844
1.38299226371136 0.170656765400917
1.38927859218278 0.16465641260499
1.3955649206542 0.158656059809063
1.40185124912561 0.152655707013136
1.40813757759703 0.146655354217209
1.41442390606844 0.140655001421282
1.42071023453986 0.134654648625355
1.42699656301127 0.128654295829428
1.43328289148269 0.122653943033501
1.4395692199541 0.116653590237574
1.44585554842552 0.110653237441647
1.45214187689693 0.10465288464572
1.45842820536835 0.0986525318497931
1.46471453383976 0.0926521790538662
1.47100086231118 0.0866518262579392
1.47728719078259 0.0806514734620123
1.48357351925401 0.0746511206660853
1.48985984772542 0.0686507678701584
1.49614617619684 0.0626504150742313
1.50243250466826 0.0566500622783045
1.50871883313967 0.0506497094823773
1.51500516161109 0.0446493566864505
1.5212914900825 0.0386490038905234
1.52757781855392 0.0326486510945966
1.53386414702533 0.0266482982986695
1.54015047549675 0.0206479455027426
1.54643680396816 0.0146475927068158
1.55272313243958 0.00864723991088867
1.55900946091099 0.00264688711496186
1.56529578938241 -0.00335346568096517
1.57158211785382 -0.0093538184768921
1.57786844632524 -0.0153541712728191
1.58415477479665 -0.0213545240687461
1.59044110326807 -0.0273548768646731
1.59672743173948 -0.0333552296605999
1.6030137602109 -0.039355582456527
1.60930008868232 -0.0453559352524538
1.61558641715373 -0.0513562880483808
1.62187274562515 -0.0573566408443078
1.62815907409656 -0.0633569936402347
1.63444540256798 -0.0693573464361618
1.64073173103939 -0.0753576992320886
1.64701805951081 -0.0813580520280157
1.65330438798222 -0.0873584048239425
1.65959071645364 -0.0933587576198697
1.66587704492505 -0.0993591104157965
1.67216337339647 -0.105359463211724
1.67844970186788 -0.11135981600765
1.6847360303393 -0.117360168803577
1.69102235881071 -0.123360521599504
1.69730868728213 -0.129360874395431
1.70359501575354 -0.135361227191358
1.70988134422496 -0.141361579987285
1.71616767269638 -0.147361932783212
1.72245400116779 -0.153362285579139
1.72874032963921 -0.159362638375066
1.73502665811062 -0.165362991170993
1.74131298658204 -0.17136334396692
1.74759931505345 -0.177363696762847
1.75388564352487 -0.183364049558774
1.76017197199628 -0.189364402354701
1.7664583004677 -0.195364755150628
1.77274462893911 -0.201365107946555
1.77903095741053 -0.207365460742482
1.78531728588194 -0.213365813538409
1.79160361435336 -0.219366166334336
1.79788994282477 -0.225366519130263
1.80417627129619 -0.23136687192619
1.8104625997676 -0.237367224722117
1.81674892823902 -0.243367577518044
1.82303525671044 -0.249367930313971
1.82932158518185 -0.255368283109897
1.83560791365327 -0.261368635905824
1.84189424212468 -0.267368988701751
1.8481805705961 -0.273369341497678
1.85446689906751 -0.279369694293605
1.86075322753893 -0.285370047089532
1.86703955601034 -0.291370399885459
1.87332588448176 -0.297370752681386
1.87961221295317 -0.303371105477313
1.88589854142459 -0.30937145827324
1.892184869896 -0.315371811069167
1.89847119836742 -0.321372163865094
1.90475752683883 -0.327372516661021
1.91104385531025 -0.333372869456948
1.91733018378166 -0.339373222252875
1.92361651225308 -0.345373575048802
1.9299028407245 -0.351373927844729
1.93618916919591 -0.356454822801566
1.94247549766733 -0.360463016946131
1.94876182613874 -0.364471211090696
1.95504815461016 -0.368479405235261
1.96133448308157 -0.372487599379826
1.96762081155299 -0.376495793524391
1.9739071400244 -0.380503987668956
1.98019346849582 -0.384512181813522
1.98647979696723 -0.388520375958087
1.99276612543865 -0.392528570102652
1.99905245391006 -0.396536764247217
2.00533878238148 -0.400544958391782
2.01162511085289 -0.404553152536347
2.01791143932431 -0.408561346680912
2.02419776779572 -0.412569540825478
2.03048409626714 -0.416577734970043
2.03677042473856 -0.420585929114608
2.04305675320997 -0.424594123259173
2.04934308168139 -0.428602317403738
2.0556294101528 -0.432610511548303
2.06191573862422 -0.436618705692868
2.06820206709563 -0.440626899837433
2.07448839556705 -0.444635093981999
2.08077472403846 -0.448643288126564
2.08706105250988 -0.452651482271129
2.09334738098129 -0.456659676415694
2.09963370945271 -0.460667870560259
2.10592003792412 -0.464676064704824
2.11220636639554 -0.46868425884939
2.11849269486695 -0.472692452993955
2.12477902333837 -0.47670064713852
2.13106535180978 -0.480708841283085
2.1373516802812 -0.48471703542765
2.14363800875262 -0.488725229572215
2.14992433722403 -0.49273342371678
2.15621066569545 -0.496741617861345
2.16249699416686 -0.500749812005911
2.16878332263828 -0.504758006150476
2.17506965110969 -0.508766200295041
2.18135597958111 -0.512774394439606
2.18764230805252 -0.516782588584171
2.19392863652394 -0.520790782728736
2.20021496499535 -0.524798976873301
2.20650129346677 -0.528807171017867
2.21278762193818 -0.532815365162432
2.2190739504096 -0.536823559306997
2.22536027888101 -0.540831753451562
2.23164660735243 -0.544839947596127
2.23793293582384 -0.548848141740692
2.24421926429526 -0.552856335885258
2.25050559276668 -0.556864530029823
2.25679192123809 -0.560872724174388
2.26307824970951 -0.564880918318953
2.26936457818092 -0.568889112463518
2.27565090665234 -0.572897306608083
2.28193723512375 -0.576905500752648
2.28822356359517 -0.580913694897213
2.29450989206658 -0.584921889041778
2.300796220538 -0.588930083186344
2.30708254900941 -0.592938277330909
2.31336887748083 -0.596946471475474
2.31965520595224 -0.600954665620039
2.32594153442366 -0.604962859764604
2.33222786289507 -0.60897105390917
2.33851419136649 -0.612979248053734
2.3448005198379 -0.6169874421983
2.35108684830932 -0.620995636342865
2.35737317678074 -0.62500383048743
2.36365950525215 -0.629012024631995
2.36994583372357 -0.63302021877656
2.37623216219498 -0.637028412921125
2.3825184906664 -0.641036607065691
2.38880481913781 -0.645044801210256
2.39509114760923 -0.649052995354821
2.40137747608064 -0.653061189499386
2.40766380455206 -0.657069383643951
2.41395013302347 -0.661077577788516
2.42023646149489 -0.665085771933081
2.4265227899663 -0.669093966077646
2.43280911843772 -0.673102160222211
2.43909544690913 -0.677110354366777
2.44538177538055 -0.681118548511342
2.45166810385196 -0.685126742655907
2.45795443232338 -0.689134936800472
2.4642407607948 -0.693143130945037
2.47052708926621 -0.697151325089602
2.47681341773763 -0.701159519234168
2.48309974620904 -0.705167713378733
2.48938607468046 -0.709175907523298
2.49567240315187 -0.713184101667863
2.50195873162329 -0.717192295812428
2.5082450600947 -0.721200489956993
2.51453138856612 -0.725208684101558
2.52081771703753 -0.729216878246124
2.52710404550895 -0.733225072390689
2.53339037398036 -0.737233266535254
2.53967670245178 -0.741241460679819
2.54596303092319 -0.745249654824384
2.55224935939461 -0.749257848968949
2.55853568786602 -0.753266043113514
2.56482201633744 -0.757274237258079
2.57110834480886 -0.761282431402645
2.57739467328027 -0.76529062554721
2.58368100175169 -0.769298819691775
2.5899673302231 -0.77330701383634
2.59625365869452 -0.777315207980905
2.60253998716593 -0.78132340212547
2.60882631563735 -0.785331596270036
2.61511264410876 -0.789339790414601
2.62139897258018 -0.793347984559166
2.62768530105159 -0.797356178703731
2.63397162952301 -0.801364372848296
2.64025795799442 -0.805372566992861
2.64654428646584 -0.809380761137426
2.65283061493725 -0.813388955281991
2.65911694340867 -0.817397149426557
2.66540327188008 -0.821405343571122
2.6716896003515 -0.825413537715687
2.67797592882292 -0.829421731860252
2.68426225729433 -0.833429926004817
2.69054858576575 -0.837438120149382
2.69683491423716 -0.841446314293947
2.70312124270858 -0.845454508438513
2.70940757117999 -0.849462702583078
2.71569389965141 -0.853470896727643
2.72198022812282 -0.857479090872208
2.72826655659424 -0.861487285016773
2.73455288506565 -0.865495479161338
2.74083921353707 -0.869503673305904
2.74712554200848 -0.873511867450469
2.7534118704799 -0.877520061595034
2.75969819895131 -0.881528255739599
2.76598452742273 -0.885536449884164
2.77227085589414 -0.889544644028729
2.77855718436556 -0.893552838173294
2.78484351283698 -0.897561032317859
2.79112984130839 -0.901569226462424
2.79741616977981 -0.90557742060699
2.80370249825122 -0.909585614751555
2.80998882672264 -0.91359380889612
2.81627515519405 -0.917602003040685
2.82256148366547 -0.92161019718525
2.82884781213688 -0.925618391329815
2.8351341406083 -0.92962658547438
2.84142046907971 -0.933634779618946
2.84770679755113 -0.937642973763511
2.85399312602254 -0.941651167908076
2.86027945449396 -0.945659362052641
2.86656578296537 -0.949667556197206
2.87285211143679 -0.953675750341771
2.8791384399082 -0.957683944486337
2.88542476837962 -0.961692138630902
2.89171109685104 -0.965700332775467
2.89799742532245 -0.969708526920032
2.90428375379387 -0.969940376894139
2.91057008226528 -0.968493851681375
2.9168564107367 -0.967047326468611
2.92314273920811 -0.965600801255848
2.92942906767953 -0.964154276043084
2.93571539615094 -0.962707750830321
2.94200172462236 -0.961261225617557
2.94828805309377 -0.959814700404794
2.95457438156519 -0.95836817519203
2.9608607100366 -0.956921649979267
2.96714703850802 -0.955475124766503
2.97343336697943 -0.954028599553739
2.97971969545085 -0.952582074340976
2.98600602392226 -0.951135549128212
2.99229235239368 -0.949689023915449
2.9985786808651 -0.948242498702685
3.00486500933651 -0.946795973489922
3.01115133780793 -0.945349448277158
3.01743766627934 -0.943902923064394
3.02372399475076 -0.942456397851631
3.03001032322217 -0.941009872638867
3.03629665169359 -0.939563347426104
3.042582980165 -0.93811682221334
3.04886930863642 -0.936670297000577
3.05515563710783 -0.935223771787813
3.06144196557925 -0.93377724657505
3.06772829405066 -0.932330721362286
3.07401462252208 -0.930884196149522
3.08030095099349 -0.929437670936759
3.08658727946491 -0.927991145723995
3.09287360793632 -0.926544620511232
3.09915993640774 -0.925098095298468
3.10544626487916 -0.923651570085705
3.11173259335057 -0.922205044872941
3.11801892182199 -0.920758519660178
3.1243052502934 -0.919311994447414
3.13059157876482 -0.91786546923465
3.13687790723623 -0.916418944021887
3.14316423570765 -0.914972418809123
3.14945056417906 -0.91352589359636
3.15573689265048 -0.912079368383596
3.16202322112189 -0.910632843170833
3.16830954959331 -0.909186317958069
3.17459587806472 -0.907739792745306
3.18088220653614 -0.906293267532542
3.18716853500755 -0.904846742319778
3.19345486347897 -0.903400217107015
3.19974119195038 -0.901953691894251
3.2060275204218 -0.900507166681488
3.21231384889322 -0.899060641468724
3.21860017736463 -0.897614116255961
3.22488650583605 -0.896167591043197
3.23117283430746 -0.894721065830434
3.23745916277888 -0.89327454061767
3.24374549125029 -0.891828015404906
3.25003181972171 -0.890381490192143
3.25631814819312 -0.888934964979379
3.26260447666454 -0.887488439766616
3.26889080513595 -0.886041914553852
3.27517713360737 -0.884595389341089
3.28146346207878 -0.883148864128325
3.2877497905502 -0.881702338915561
3.29403611902161 -0.880255813702798
3.30032244749303 -0.878809288490034
3.30660877596444 -0.877362763277271
3.31289510443586 -0.875916238064507
3.31918143290728 -0.874469712851744
3.32546776137869 -0.87302318763898
3.33175408985011 -0.871576662426216
3.33804041832152 -0.870130137213453
3.34432674679294 -0.868683612000689
3.35061307526435 -0.867237086787926
3.35689940373577 -0.865790561575162
3.36318573220718 -0.864344036362399
3.3694720606786 -0.862897511149635
3.37575838915001 -0.861450985936872
3.38204471762143 -0.860004460724108
3.38833104609284 -0.858557935511345
3.39461737456426 -0.857111410298581
3.40090370303567 -0.855664885085817
3.40719003150709 -0.854218359873054
3.4134763599785 -0.85277183466029
3.41976268844992 -0.851325309447527
3.42604901692134 -0.849878784234763
3.43233534539275 -0.848432259021999
3.43862167386417 -0.846985733809236
3.44490800233558 -0.845539208596472
3.451194330807 -0.844092683383709
3.45748065927841 -0.842646158170945
3.46376698774983 -0.841199632958182
3.47005331622124 -0.839753107745418
3.47633964469266 -0.838306582532655
3.48262597316407 -0.836860057319891
3.48891230163549 -0.835413532107127
3.4951986301069 -0.833967006894364
3.50148495857832 -0.8325204816816
3.50777128704973 -0.831073956468837
3.51405761552115 -0.829627431256073
3.52034394399256 -0.82818090604331
3.52663027246398 -0.826734380830546
3.53291660093539 -0.825287855617783
3.53920292940681 -0.823841330405019
3.54548925787823 -0.822394805192255
3.55177558634964 -0.820948279979492
3.55806191482106 -0.819501754766728
3.56434824329247 -0.818055229553965
3.57063457176389 -0.816608704341201
3.5769209002353 -0.815162179128438
3.58320722870672 -0.813715653915674
3.58949355717813 -0.812269128702911
3.59577988564955 -0.810822603490147
3.60206621412096 -0.809376078277383
3.60835254259238 -0.80792955306462
3.61463887106379 -0.806483027851856
3.62092519953521 -0.805036502639093
3.62721152800662 -0.803589977426329
3.63349785647804 -0.802143452213566
3.63978418494946 -0.800696927000802
3.64607051342087 -0.799250401788038
3.65235684189229 -0.797803876575275
3.6586431703637 -0.796357351362511
3.66492949883512 -0.794910826149748
3.67121582730653 -0.793464300936984
3.67750215577795 -0.792017775724221
3.68378848424936 -0.790571250511457
3.69007481272078 -0.789124725298694
3.69636114119219 -0.78767820008593
3.70264746966361 -0.786231674873166
3.70893379813502 -0.784785149660403
3.71522012660644 -0.783338624447639
3.72150645507785 -0.781892099234876
3.72779278354927 -0.780445574022112
3.73407911202068 -0.778999048809349
3.7403654404921 -0.777552523596585
3.74665176896352 -0.776105998383822
3.75293809743493 -0.774659473171058
3.75922442590635 -0.773212947958294
3.76551075437776 -0.771766422745531
3.77179708284918 -0.770319897532767
3.77808341132059 -0.768873372320004
3.78436973979201 -0.76742684710724
3.79065606826342 -0.765980321894477
3.79694239673484 -0.764533796681713
3.80322872520625 -0.76308727146895
3.80951505367767 -0.761640746256186
3.81580138214908 -0.760194221043422
3.8220877106205 -0.758747695830659
3.82837403909191 -0.757301170617895
3.83466036756333 -0.755854645405132
3.84094669603474 -0.754408120192368
3.84723302450616 -0.752961594979604
3.85351935297758 -0.751515069766841
3.85980568144899 -0.750068544554077
3.86609200992041 -0.748622019341314
3.87237833839182 -0.743293855154034
3.87866466686324 -0.737642221052211
3.88495099533465 -0.731990586950389
3.89123732380607 -0.726338952848566
3.89752365227748 -0.720687318746743
3.9038099807489 -0.715035684644921
3.91009630922031 -0.709384050543098
3.91638263769173 -0.703732416441276
3.92266896616314 -0.698080782339453
3.92895529463456 -0.69242914823763
3.93524162310597 -0.686777514135807
3.94152795157739 -0.681125880033985
3.9478142800488 -0.675474245932162
3.95410060852022 -0.669822611830339
3.96038693699164 -0.664170977728517
3.96667326546305 -0.658519343626694
3.97295959393447 -0.652867709524872
3.97924592240588 -0.647216075423049
3.9855322508773 -0.641564441321226
3.99181857934871 -0.635912807219403
3.99810490782013 -0.630261173117581
4.00439123629154 -0.624609539015758
4.01067756476296 -0.618957904913935
4.01696389323437 -0.613306270812112
4.02325022170579 -0.60765463671029
4.0295365501772 -0.602003002608467
4.03582287864862 -0.596351368506645
4.04210920712003 -0.590699734404822
4.04839553559145 -0.585048100302999
4.05468186406286 -0.579396466201177
4.06096819253428 -0.573744832099354
4.06725452100569 -0.568093197997532
4.07354084947711 -0.562441563895709
4.07982717794853 -0.556789929793886
4.08611350641994 -0.551138295692064
4.09239983489136 -0.545486661590241
4.09868616336277 -0.539835027488419
4.10497249183419 -0.534183393386595
4.1112588203056 -0.528531759284772
4.11754514877702 -0.52288012518295
4.12383147724843 -0.517228491081127
4.13011780571985 -0.511576856979304
4.13640413419126 -0.505925222877482
4.14269046266268 -0.500273588775659
4.14897679113409 -0.494621954673837
4.15526311960551 -0.488970320572014
4.16154944807692 -0.483318686470191
4.16783577654834 -0.477667052368369
4.17412210501976 -0.472015418266546
4.18040843349117 -0.466363784164724
4.18669476196259 -0.460712150062901
4.192981090434 -0.455060515961078
4.19926741890542 -0.449408881859256
4.20555374737683 -0.443757247757433
4.21184007584825 -0.43810561365561
4.21812640431966 -0.432453979553788
4.22441273279108 -0.426802345451965
4.23069906126249 -0.421150711350142
4.23698538973391 -0.415499077248319
4.24327171820532 -0.409847443146496
4.24955804667674 -0.404195809044674
4.25584437514815 -0.398544174942851
4.26213070361957 -0.392892540841029
4.26841703209098 -0.387240906739206
4.2747033605624 -0.381589272637383
4.28098968903381 -0.375937638535561
4.28727601750523 -0.370286004433738
4.29356234597665 -0.364634370331915
4.29984867444806 -0.358982736230093
4.30613500291948 -0.35333110212827
4.31242133139089 -0.347679468026448
4.31870765986231 -0.342027833924625
4.32499398833372 -0.336376199822802
4.33128031680514 -0.33072456572098
4.33756664527655 -0.325072931619157
4.34385297374797 -0.319421297517334
4.35013930221938 -0.313769663415511
4.3564256306908 -0.308118029313688
4.36271195916221 -0.302466395211866
4.36899828763363 -0.296814761110043
4.37528461610504 -0.29116312700822
4.38157094457646 -0.285511492906398
4.38785727304788 -0.279859858804575
4.39414360151929 -0.274208224702753
4.40042992999071 -0.26855659060093
4.40671625846212 -0.262904956499107
4.41300258693354 -0.257253322397285
4.41928891540495 -0.251601688295462
4.42557524387637 -0.24595005419364
4.43186157234778 -0.240298420091817
4.4381479008192 -0.234646785989994
4.44443422929061 -0.228995151888172
4.45072055776203 -0.223343517786349
4.45700688623344 -0.217691883684526
4.46329321470486 -0.212040249582704
4.46957954317627 -0.206388615480881
4.47586587164769 -0.200736981379058
4.4821522001191 -0.195085347277235
4.48843852859052 -0.189433713175412
4.49472485706193 -0.18378207907359
4.50101118553335 -0.178130444971767
4.50729751400477 -0.172478810869945
4.51358384247618 -0.166827176768122
4.5198701709476 -0.161175542666299
4.52615649941901 -0.155523908564477
4.53244282789043 -0.149872274462654
4.53872915636184 -0.144220640360832
4.54501548483326 -0.138569006259009
4.55130181330467 -0.132917372157186
4.55758814177609 -0.127265738055364
4.5638744702475 -0.121614103953541
4.57016079871892 -0.115962469851718
4.57644712719033 -0.110310835749896
4.58273345566175 -0.104659201648073
4.58901978413316 -0.0990075675462504
4.59530611260458 -0.0933559334444274
4.601592441076 -0.0877042993426045
4.60787876954741 -0.0820526652407823
4.61416509801883 -0.0764010311389592
4.62045142649024 -0.0707493970371371
4.62673775496166 -0.0650977629353141
4.63302408343307 -0.0594461288334912
4.63931041190449 -0.053794494731669
4.6455967403759 -0.048142860629846
4.65188306884732 -0.0424912265280231
4.65816939731873 -0.0368395924262008
4.66445572579015 -0.0311879583243779
4.67074205426156 -0.0255363242225557
4.67702838273298 -0.0198846901207327
4.68331471120439 -0.0142330560189098
4.68960103967581 -0.00858142191708755
4.69588736814722 -0.00292978781526465
4.70217369661864 0.00272184628655758
4.70846002509006 0.00837348038838059
4.71474635356147 0.0140251144902035
4.72103268203289 0.0196767485920257
4.7273190105043 0.0253283826938486
4.73360533897572 0.0309800167956716
4.73989166744713 0.0366316508974939
4.74617799591855 0.0422832849993168
4.75246432438996 0.047934919101139
4.75875065286138 0.0535865532029619
4.76503698133279 0.0592381873047849
4.77132330980421 0.0648898214066072
4.77760963827562 0.0705414555084301
4.78389596674704 0.0761930896102523
4.79018229521845 0.0818447237120752
4.79646862368987 0.0874963578138982
4.80275495216128 0.0931479919157204
4.8090412806327 0.0987996260175433
4.81532760910412 0.104451260119366
4.82161393757553 0.110102894221188
4.82790026604695 0.115754528323011
4.83418659451836 0.121301982251719
4.84047292298978 0.126276445228293
4.84675925146119 0.131250908204868
4.85304557993261 0.136225371181442
4.85933190840402 0.141199834158017
4.86561823687544 0.146174297134591
4.87190456534685 0.151148760111166
4.87819089381827 0.156123223087741
4.88447722228968 0.161097686064315
4.8907635507611 0.16607214904089
4.89704987923251 0.171046612017465
4.90333620770393 0.176021074994039
4.90962253617534 0.180995537970614
4.91590886464676 0.185970000947188
4.92219519311818 0.190944463923763
4.92848152158959 0.195918926900337
4.93476785006101 0.200893389876912
4.94105417853242 0.205867852853486
4.94734050700384 0.21084231583006
4.95362683547525 0.215816778806635
4.95991316394667 0.22079124178321
4.96619949241808 0.225765704759784
4.9724858208895 0.230740167736359
4.97877214936091 0.235714630712933
4.98505847783233 0.240689093689508
4.99134480630374 0.245663556666083
4.99763113477516 0.250638019642657
5.00391746324657 0.255612482619232
5.01020379171799 0.260586945595807
5.0164901201894 0.265561408572381
5.02277644866082 0.270535871548956
5.02906277713223 0.27551033452553
5.03534910560365 0.280484797502105
5.04163543407507 0.285459260478679
5.04792176254648 0.290433723455253
5.0542080910179 0.295408186431828
5.06049441948931 0.300382649408402
5.06678074796073 0.305357112384977
5.07306707643214 0.310331575361552
5.07935340490356 0.315306038338126
5.08563973337497 0.320280501314701
5.09192606184639 0.325254964291276
5.0982123903178 0.33022942726785
5.10449871878922 0.335203890244425
5.11078504726063 0.340178353220999
5.11707137573205 0.345152816197574
5.12335770420346 0.350127279174149
5.12964403267488 0.355101742150723
5.1359303611463 0.360076205127298
5.14221668961771 0.365050668103872
5.14850301808913 0.370025131080446
5.15478934656054 0.374999594057021
5.16107567503196 0.379974057033595
5.16736200350337 0.38494852001017
5.17364833197479 0.389922982986745
5.1799346604462 0.394897445963319
5.18622098891762 0.399871908939894
5.19250731738903 0.404846371916468
5.19879364586045 0.409820834893043
5.20507997433186 0.414795297869618
5.21136630280328 0.419769760846192
5.21765263127469 0.424744223822767
5.22393895974611 0.429718686799341
5.23022528821752 0.434693149775916
5.23651161668894 0.439667612752491
5.24279794516035 0.444642075729065
5.24908427363177 0.449616538705639
5.25537060210319 0.454591001682214
5.2616569305746 0.459565464658788
5.26794325904602 0.464539927635363
5.27422958751743 0.469514390611937
5.28051591598885 0.474488853588512
5.28680224446026 0.479463316565087
5.29308857293168 0.484437779541661
5.29937490140309 0.489412242518236
5.30566122987451 0.49438670549481
5.31194755834592 0.499361168471385
5.31823388681734 0.50433563144796
5.32452021528875 0.509310094424534
5.33080654376017 0.514284557401109
5.33709287223158 0.519259020377683
5.343379200703 0.524233483354258
5.34966552917442 0.529207946330832
5.35595185764583 0.534182409307407
5.36223818611725 0.539156872283981
5.36852451458866 0.544131335260556
5.37481084306008 0.54910579823713
5.38109717153149 0.554080261213705
5.38738350000291 0.559054724190279
5.39366982847432 0.564029187166854
5.39995615694574 0.569003650143429
5.40624248541715 0.573978113120003
5.41252881388857 0.578952576096578
5.41881514235998 0.583927039073152
5.4251014708314 0.588901502049727
5.43138779930281 0.593875965026302
5.43767412777423 0.598850428002876
5.44396045624564 0.603824890979451
5.45024678471706 0.608799353956025
5.45653311318847 0.613773816932599
5.46281944165989 0.618748279909174
5.46910577013131 0.623722742885749
5.47539209860272 0.628697205862323
5.48167842707414 0.633671668838898
5.48796475554555 0.638646131815472
5.49425108401697 0.643620594792047
5.50053741248838 0.648595057768621
5.5068237409598 0.653569520745196
5.51311006943121 0.658543983721771
5.51939639790263 0.663518446698345
5.52568272637404 0.66849290967492
5.53196905484546 0.673467372651495
5.53825538331687 0.678441835628069
5.54454171178829 0.683416298604643
5.5508280402597 0.688390761581218
5.55711436873112 0.693365224557793
5.56340069720254 0.698339687534367
5.56968702567395 0.703314150510941
5.57597335414537 0.708288613487516
5.58225968261678 0.71326307646409
5.5885460110882 0.718237539440665
5.59483233955961 0.72321200241724
5.60111866803103 0.728186465393814
5.60740499650244 0.733160928370389
5.61369132497386 0.738135391346964
5.61997765344527 0.743109854323538
5.62626398191669 0.748084317300113
5.6325503103881 0.753058780276687
5.63883663885952 0.758033243253262
5.64512296733093 0.763007706229837
5.65140929580235 0.767982169206411
5.65769562427376 0.772956632182985
5.66398195274518 0.77793109515956
5.6702682812166 0.782905558136134
5.67655460968801 0.787880021112709
5.68284093815943 0.792854484089284
5.68912726663084 0.797828947065858
5.69541359510226 0.802803410042433
5.70169992357367 0.807777873019007
5.70798625204509 0.812752335995582
5.7142725805165 0.817726798972156
5.72055890898792 0.822701261948731
5.72684523745933 0.827675724925306
5.73313156593075 0.83265018790188
5.73941789440216 0.837624650878455
5.74570422287358 0.842599113855029
5.75199055134499 0.847573576831604
5.75827687981641 0.852548039808179
5.76456320828782 0.857522502784753
5.77084953675924 0.862496965761328
5.77713586523066 0.867471428737902
5.78342219370207 0.872445891714476
5.78970852217349 0.877420354691051
5.7959948506449 0.882394817667625
5.80228117911632 0.88545602565321
5.80856750758773 0.88545602565321
5.81485383605915 0.88545602565321
5.82114016453056 0.88545602565321
5.82742649300198 0.88545602565321
5.83371282147339 0.88545602565321
5.83999914994481 0.88545602565321
5.84628547841622 0.88545602565321
5.85257180688764 0.88545602565321
5.85885813535905 0.88545602565321
5.86514446383047 0.88545602565321
5.87143079230188 0.88545602565321
5.8777171207733 0.88545602565321
5.88400344924472 0.88545602565321
5.89028977771613 0.88545602565321
5.89657610618755 0.88545602565321
5.90286243465896 0.88545602565321
5.90914876313038 0.88545602565321
5.91543509160179 0.88545602565321
5.92172142007321 0.88545602565321
5.92800774854462 0.88545602565321
5.93429407701604 0.88545602565321
5.94058040548745 0.88545602565321
5.94686673395887 0.88545602565321
5.95315306243028 0.88545602565321
5.9594393909017 0.88545602565321
5.96572571937311 0.88545602565321
5.97201204784453 0.88545602565321
5.97829837631594 0.88545602565321
5.98458470478736 0.88545602565321
5.99087103325877 0.88545602565321
5.99715736173019 0.88545602565321
6.00344369020161 0.88545602565321
6.00973001867302 0.88545602565321
6.01601634714444 0.88545602565321
6.02230267561585 0.88545602565321
6.02858900408727 0.88545602565321
6.03487533255868 0.88545602565321
6.0411616610301 0.88545602565321
6.04744798950151 0.88545602565321
6.05373431797293 0.88545602565321
6.06002064644434 0.88545602565321
6.06630697491576 0.88545602565321
6.07259330338717 0.88545602565321
6.07887963185859 0.88545602565321
6.08516596033 0.88545602565321
6.09145228880142 0.88545602565321
6.09773861727284 0.88545602565321
6.10402494574425 0.88545602565321
6.11031127421567 0.88545602565321
6.11659760268708 0.88545602565321
6.1228839311585 0.88545602565321
6.12917025962991 0.88545602565321
6.13545658810133 0.88545602565321
6.14174291657274 0.88545602565321
6.14802924504416 0.88545602565321
6.15431557351557 0.88545602565321
6.16060190198699 0.88545602565321
6.1668882304584 0.88545602565321
6.17317455892982 0.88545602565321
6.17946088740123 0.88545602565321
6.18574721587265 0.88545602565321
6.19203354434406 0.88545602565321
6.19831987281548 0.88545602565321
6.20460620128689 0.88545602565321
6.21089252975831 0.88545602565321
6.21717885822973 0.88545602565321
6.22346518670114 0.88545602565321
6.22975151517256 0.88545602565321
6.23603784364397 0.88545602565321
6.24232417211539 0.88545602565321
6.2486105005868 0.88545602565321
6.25489682905822 0.88545602565321
6.26118315752963 0.88545602565321
6.26746948600105 0.88545602565321
6.27375581447246 0.88545602565321
6.28004214294388 0.88545602565321
6.28632847141529 0.88545602565321
6.29261479988671 0.88545602565321
6.29890112835812 0.88545602565321
6.30518745682954 0.88545602565321
6.31147378530096 0.88545602565321
6.31776011377237 0.88545602565321
6.32404644224379 0.88545602565321
6.3303327707152 0.88545602565321
6.33661909918662 0.88545602565321
6.34290542765803 0.88545602565321
6.34919175612945 0.88545602565321
6.35547808460086 0.88545602565321
6.36176441307228 0.88545602565321
6.36805074154369 0.88545602565321
6.37433707001511 0.88545602565321
6.38062339848652 0.88545602565321
6.38690972695794 0.88545602565321
6.39319605542935 0.88545602565321
6.39948238390077 0.88545602565321
6.40576871237218 0.88545602565321
6.4120550408436 0.88545602565321
6.41834136931501 0.88545602565321
6.42462769778643 0.88545602565321
6.43091402625785 0.88545602565321
6.43720035472926 0.88545602565321
6.44348668320068 0.88545602565321
6.44977301167209 0.88545602565321
6.45605934014351 0.88545602565321
6.46234566861492 0.88545602565321
6.46863199708634 0.88545602565321
6.47491832555775 0.88545602565321
6.48120465402917 0.88545602565321
6.48749098250058 0.88545602565321
6.493777310972 0.88545602565321
6.50006363944341 0.88545602565321
6.50634996791483 0.88545602565321
6.51263629638624 0.88545602565321
6.51892262485766 0.88545602565321
6.52520895332908 0.88545602565321
6.53149528180049 0.88545602565321
6.53778161027191 0.88545602565321
6.54406793874332 0.88545602565321
6.55035426721474 0.88545602565321
6.55664059568615 0.88545602565321
6.56292692415757 0.88545602565321
6.56921325262898 0.88545602565321
6.5754995811004 0.88545602565321
6.58178590957181 0.88545602565321
6.58807223804323 0.88545602565321
6.59435856651464 0.88545602565321
6.60064489498606 0.88545602565321
6.60693122345747 0.88545602565321
6.61321755192889 0.88545602565321
6.6195038804003 0.88545602565321
6.62579020887172 0.88545602565321
6.63207653734314 0.88545602565321
6.63836286581455 0.88545602565321
6.64464919428597 0.88545602565321
6.65093552275738 0.88545602565321
6.6572218512288 0.88545602565321
6.66350817970021 0.88545602565321
6.66979450817163 0.88545602565321
6.67608083664304 0.88545602565321
6.68236716511446 0.88545602565321
6.68865349358587 0.88545602565321
6.69493982205729 0.88545602565321
6.7012261505287 0.88545602565321
6.70751247900012 0.88545602565321
6.71379880747153 0.88545602565321
6.72008513594295 0.88545602565321
6.72637146441436 0.88545602565321
6.73265779288578 0.88545602565321
6.73894412135719 0.88545602565321
6.74523044982861 0.88545602565321
6.75151677830003 0.88545602565321
6.75780310677144 0.88545602565321
6.76408943524286 0.88545602565321
6.77037576371427 0.882394817667625
6.77666209218569 0.877420354691051
6.7829484206571 0.872445891714476
6.78923474912852 0.867471428737902
6.79552107759993 0.862496965761327
6.80180740607135 0.857522502784753
6.80809373454276 0.852548039808179
6.81438006301418 0.847573576831604
6.82066639148559 0.84259911385503
6.82695271995701 0.837624650878455
6.83323904842842 0.83265018790188
6.83952537689984 0.827675724925306
6.84581170537126 0.822701261948731
6.85209803384267 0.817726798972156
6.85838436231409 0.812752335995582
6.8646706907855 0.807777873019007
6.87095701925692 0.802803410042433
6.87724334772833 0.797828947065858
6.88352967619975 0.792854484089284
6.88981600467116 0.787880021112709
6.89610233314258 0.782905558136134
6.90238866161399 0.77793109515956
6.90867499008541 0.772956632182986
6.91496131855682 0.767982169206411
6.92124764702824 0.763007706229837
6.92753397549965 0.758033243253262
6.93382030397107 0.753058780276687
6.94010663244248 0.748084317300113
6.9463929609139 0.743109854323538
6.95267928938531 0.738135391346964
6.95896561785673 0.733160928370389
6.96525194632815 0.728186465393814
6.97153827479956 0.72321200241724
6.97782460327098 0.718237539440665
6.98411093174239 0.713263076464091
6.99039726021381 0.708288613487516
6.99668358868522 0.703314150510942
7.00296991715664 0.698339687534367
7.00925624562805 0.693365224557793
7.01554257409947 0.688390761581218
7.02182890257088 0.683416298604644
7.0281152310423 0.678441835628069
7.03440155951371 0.673467372651495
7.04068788798513 0.66849290967492
7.04697421645654 0.663518446698345
7.05326054492796 0.658543983721771
7.05954687339938 0.653569520745196
7.06583320187079 0.648595057768622
7.07211953034221 0.643620594792047
7.07840585881362 0.638646131815472
7.08469218728504 0.633671668838898
7.09097851575645 0.628697205862323
7.09726484422787 0.623722742885749
7.10355117269928 0.618748279909175
7.1098375011707 0.6137738169326
7.11612382964211 0.608799353956026
7.12241015811353 0.603824890979451
7.12869648658494 0.598850428002876
7.13498281505636 0.593875965026302
7.14126914352777 0.588901502049727
7.14755547199919 0.583927039073153
7.1538418004706 0.578952576096578
7.16012812894202 0.573978113120003
7.16641445741343 0.569003650143429
7.17270078588485 0.564029187166854
7.17898711435627 0.55905472419028
7.18527344282768 0.554080261213705
7.1915597712991 0.549105798237131
7.19784609977051 0.544131335260557
7.20413242824193 0.539156872283982
7.21041875671334 0.534182409307407
7.21670508518476 0.529207946330833
7.22299141365617 0.524233483354258
7.22927774212759 0.519259020377684
7.235564070599 0.514284557401109
7.24185039907042 0.509310094424534
7.24813672754183 0.50433563144796
7.25442305601325 0.499361168471385
7.26070938448466 0.494386705494811
7.26699571295608 0.489412242518236
7.2732820414275 0.484437779541661
7.27956836989891 0.479463316565087
7.28585469837033 0.474488853588513
7.29214102684174 0.469514390611938
7.29842735531316 0.464539927635364
7.30471368378457 0.459565464658789
7.31100001225599 0.454591001682215
7.3172863407274 0.44961653870564
7.32357266919882 0.444642075729065
7.32985899767023 0.439667612752491
7.33614532614165 0.434693149775916
7.34243165461306 0.429718686799342
7.34871798308448 0.424744223822767
7.35500431155589 0.419769760846192
7.36129064002731 0.414795297869618
7.36757696849872 0.409820834893043
7.37386329697014 0.404846371916469
7.38014962544155 0.399871908939894
7.38643595391297 0.39489744596332
7.39272228238439 0.389922982986745
7.3990086108558 0.384948520010171
7.40529493932722 0.379974057033596
7.41158126779863 0.374999594057022
7.41786759627005 0.370025131080447
7.42415392474146 0.365050668103873
7.43044025321288 0.360076205127298
7.43672658168429 0.355101742150723
7.44301291015571 0.350127279174149
7.44929923862712 0.345152816197574
7.45558556709854 0.340178353220999
7.46187189556995 0.335203890244425
7.46815822404137 0.33022942726785
7.47444455251278 0.325254964291276
7.4807308809842 0.320280501314702
7.48701720945562 0.315306038338127
7.49330353792703 0.310331575361553
7.49958986639845 0.305357112384978
7.50587619486986 0.300382649408404
7.51216252334128 0.295408186431829
7.51844885181269 0.290433723455254
7.52473518028411 0.28545926047868
7.53102150875552 0.280484797502105
7.53730783722694 0.275510334525531
7.54359416569835 0.270535871548956
7.54988049416977 0.265561408572381
7.55616682264118 0.260586945595807
7.5624531511126 0.255612482619232
7.56873947958401 0.250638019642658
7.57502580805543 0.245663556666083
7.58131213652684 0.240689093689509
7.58759846499826 0.235714630712935
7.59388479346967 0.23074016773636
7.60017112194109 0.225765704759785
7.60645745041251 0.220791241783211
7.61274377888392 0.215816778806636
7.61903010735534 0.210842315830062
7.62531643582675 0.205867852853487
7.63160276429817 0.200893389876912
7.63788909276958 0.195918926900338
7.644175421241 0.190944463923763
7.65046174971241 0.185970000947188
7.65674807818383 0.180995537970614
7.66303440665524 0.17602107499404
7.66932073512666 0.171046612017465
7.67560706359807 0.166072149040891
7.68189339206949 0.161097686064316
7.6881797205409 0.156123223087742
7.69446604901232 0.151148760111167
7.70075237748373 0.146174297134593
7.70703870595515 0.141199834158018
7.71332503442657 0.136225371181443
7.71961136289798 0.131250908204869
7.7258976913694 0.126276445228294
7.73218401984081 0.121301982251719
7.73847034831223 0.115754528323012
7.74475667678364 0.110102894221189
7.75104300525506 0.104451260119367
7.75732933372647 0.0987996260175439
7.76361566219789 0.093147991915721
7.7699019906693 0.0874963578138988
7.77618831914072 0.0818447237120758
7.78247464761213 0.0761930896102536
7.78876097608355 0.0705414555084306
7.79504730455496 0.0648898214066077
7.80133363302638 0.0592381873047855
7.8076199614978 0.0535865532029625
7.81390628996921 0.0479349191011395
7.82019261844063 0.0422832849993174
7.82647894691204 0.0366316508974944
7.83276527538346 0.0309800167956722
7.83905160385487 0.0253283826938492
7.84533793232629 0.0196767485920262
7.8516242607977 0.0140251144902041
7.85791058926912 0.00837348038838108
7.86419691774053 0.0027218462865589
7.87048324621195 -0.00292978781526407
7.87676957468336 -0.00858142191708705
7.88305590315478 -0.0142330560189092
7.88934223162619 -0.0198846901207322
7.89562856009761 -0.0255363242225552
7.90191488856902 -0.0311879583243773
7.90820121704044 -0.0368395924262003
7.91448754551185 -0.0424912265280225
7.92077387398327 -0.0481428606298455
7.92706020245469 -0.0537944947316685
7.9333465309261 -0.0594461288334907
7.93963285939752 -0.0650977629353136
7.94591918786893 -0.0707493970371358
7.95220551634035 -0.0764010311389588
7.95849184481176 -0.0820526652407818
7.96477817328318 -0.0877042993426039
7.97106450175459 -0.0933559334444269
7.97735083022601 -0.0990075675462491
7.98363715869742 -0.104659201648072
7.98992348716884 -0.110310835749895
7.99620981564025 -0.115962469851717
8.00249614411167 -0.12161410395354
8.00878247258308 -0.127265738055362
8.0150688010545 -0.132917372157186
8.02135512952592 -0.138569006259008
8.02764145799733 -0.144220640360831
8.03392778646875 -0.149872274462654
8.04021411494016 -0.155523908564476
8.04650044341158 -0.161175542666299
8.05278677188299 -0.166827176768121
8.05907310035441 -0.172478810869945
8.06535942882582 -0.178130444971767
8.07164575729724 -0.183782079073589
8.07793208576865 -0.189433713175413
8.08421841424007 -0.195085347277235
8.09050474271148 -0.200736981379057
8.0967910711829 -0.206388615480881
8.10307739965431 -0.212040249582703
8.10936372812573 -0.217691883684525
8.11565005659715 -0.223343517786349
8.12193638506856 -0.228995151888171
8.12822271353997 -0.234646785989993
8.13450904201139 -0.240298420091816
8.14079537048281 -0.245950054193639
8.14708169895422 -0.251601688295461
8.15336802742564 -0.257253322397284
8.15965435589705 -0.262904956499107
8.16594068436847 -0.26855659060093
8.17222701283988 -0.274208224702752
8.1785133413113 -0.279859858804576
8.18479966978271 -0.285511492906398
8.19108599825413 -0.29116312700822
8.19737232672554 -0.296814761110042
8.20365865519696 -0.302466395211866
8.20994498366837 -0.308118029313688
8.21623131213979 -0.31376966341551
8.2225176406112 -0.319421297517334
8.22880396908262 -0.325072931619156
8.23509029755403 -0.330724565720978
8.24137662602545 -0.336376199822802
8.24766295449687 -0.342027833924624
8.25394928296828 -0.347679468026447
8.2602356114397 -0.35333110212827
8.26652193991111 -0.358982736230092
8.27280826838253 -0.364634370331915
8.27909459685394 -0.370286004433737
8.28538092532536 -0.375937638535561
8.29166725379677 -0.381589272637383
8.29795358226819 -0.387240906739205
8.3042399107396 -0.392892540841029
8.31052623921102 -0.398544174942851
8.31681256768243 -0.404195809044673
8.32309889615385 -0.409847443146497
8.32938522462526 -0.415499077248319
8.33567155309668 -0.421150711350141
8.3419578815681 -0.426802345451965
8.34824421003951 -0.432453979553787
8.35453053851093 -0.438105613655609
8.36081686698234 -0.443757247757432
8.36710319545376 -0.449408881859255
8.37338952392517 -0.455060515961077
8.37967585239659 -0.4607121500629
8.385962180868 -0.466363784164723
8.39224850933942 -0.472015418266546
8.39853483781083 -0.477667052368368
8.40482116628225 -0.483318686470191
8.41110749475366 -0.488970320572014
8.41739382322508 -0.494621954673836
8.42368015169649 -0.50027358877566
8.42996648016791 -0.505925222877482
8.43625280863932 -0.511576856979304
8.44253913711074 -0.517228491081126
8.44882546558216 -0.52288012518295
8.45511179405357 -0.528531759284772
8.46139812252498 -0.534183393386594
8.4676844509964 -0.539835027488418
8.47397077946782 -0.54548666159024
8.48025710793923 -0.551138295692063
8.48654343641065 -0.556789929793886
8.49282976488206 -0.562441563895708
8.49911609335348 -0.568093197997531
8.50540242182489 -0.573744832099354
8.51168875029631 -0.579396466201177
8.51797507876772 -0.585048100302999
8.52426140723914 -0.590699734404821
8.53054773571055 -0.596351368506645
8.53683406418197 -0.602003002608467
8.54312039265338 -0.607654636710289
8.5494067211248 -0.613306270812113
8.55569304959621 -0.618957904913935
8.56197937806763 -0.624609539015757
8.56826570653905 -0.630261173117581
8.57455203501046 -0.635912807219403
8.58083836348188 -0.641564441321225
8.58712469195329 -0.647216075423049
8.59341102042471 -0.652867709524871
8.59969734889612 -0.658519343626693
8.60598367736754 -0.664170977728516
8.61227000583895 -0.669822611830339
8.61855633431037 -0.675474245932162
8.62484266278178 -0.681125880033984
8.6311289912532 -0.686777514135808
8.63741531972461 -0.69242914823763
8.64370164819603 -0.698080782339452
8.64998797666745 -0.703732416441276
8.65627430513886 -0.709384050543098
8.66256063361027 -0.71503568464492
8.66884696208169 -0.720687318746744
8.67513329055311 -0.726338952848566
8.68141961902452 -0.731990586950388
8.68770594749594 -0.73764222105221
8.69399227596735 -0.743293855154034
8.70027860443877 -0.748622019341313
8.70656493291018 -0.750068544554077
8.7128512613816 -0.751515069766841
8.71913758985301 -0.752961594979604
8.72542391832443 -0.754408120192367
8.73171024679584 -0.755854645405131
8.73799657526726 -0.757301170617895
8.74428290373867 -0.758747695830658
8.75056923221009 -0.760194221043422
8.7568555606815 -0.761640746256186
8.76314188915292 -0.763087271468949
8.76942821762433 -0.764533796681712
8.77571454609575 -0.765980321894476
8.78200087456717 -0.76742684710724
8.78828720303858 -0.768873372320003
8.79457353151 -0.770319897532767
8.80085985998141 -0.77176642274553
8.80714618845283 -0.773212947958294
8.81343251692424 -0.774659473171058
8.81971884539566 -0.776105998383821
8.82600517386707 -0.777552523596585
8.83229150233849 -0.778999048809348
8.8385778308099 -0.780445574022112
8.84486415928132 -0.781892099234875
8.85115048775273 -0.783338624447639
8.85743681622415 -0.784785149660403
8.86372314469556 -0.786231674873166
8.87000947316698 -0.787678200085929
8.8762958016384 -0.789124725298693
8.88258213010981 -0.790571250511457
8.88886845858123 -0.79201777572422
8.89515478705264 -0.793464300936984
8.90144111552406 -0.794910826149748
8.90772744399547 -0.796357351362511
8.91401377246689 -0.797803876575275
8.9203001009383 -0.799250401788038
8.92658642940972 -0.800696927000802
8.93287275788113 -0.802143452213565
8.93915908635255 -0.803589977426329
8.94544541482396 -0.805036502639092
8.95173174329538 -0.806483027851856
8.95801807176679 -0.80792955306462
8.96430440023821 -0.809376078277383
8.97059072870962 -0.810822603490147
8.97687705718104 -0.81226912870291
8.98316338565246 -0.813715653915674
8.98944971412387 -0.815162179128437
8.99573604259529 -0.816608704341201
9.0020223710667 -0.818055229553965
9.00830869953812 -0.819501754766728
9.01459502800953 -0.820948279979492
9.02088135648095 -0.822394805192255
9.02716768495236 -0.823841330405019
9.03345401342378 -0.825287855617782
9.03974034189519 -0.826734380830546
9.04602667036661 -0.82818090604331
9.05231299883802 -0.829627431256073
9.05859932730944 -0.831073956468837
9.06488565578085 -0.8325204816816
9.07117198425227 -0.833967006894364
9.07745831272368 -0.835413532107127
9.0837446411951 -0.836860057319891
9.09003096966651 -0.838306582532655
9.09631729813793 -0.839753107745418
9.10260362660935 -0.841199632958182
9.10888995508076 -0.842646158170945
9.11517628355218 -0.844092683383709
9.12146261202359 -0.845539208596473
9.12774894049501 -0.846985733809236
9.13403526896642 -0.848432259021999
9.14032159743784 -0.849878784234763
9.14660792590925 -0.851325309447527
9.15289425438067 -0.85277183466029
9.15918058285208 -0.854218359873054
9.1654669113235 -0.855664885085818
9.17175323979491 -0.857111410298581
9.17803956826633 -0.858557935511344
9.18432589673774 -0.860004460724108
9.19061222520916 -0.861450985936872
9.19689855368057 -0.862897511149635
9.20318488215199 -0.864344036362399
9.20947121062341 -0.865790561575162
9.21575753909482 -0.867237086787926
9.22204386756624 -0.86868361200069
9.22833019603765 -0.870130137213453
9.23461652450907 -0.871576662426217
9.24090285298048 -0.87302318763898
9.2471891814519 -0.874469712851744
9.25347550992331 -0.875916238064507
9.25976183839473 -0.877362763277271
9.26604816686614 -0.878809288490035
9.27233449533756 -0.880255813702798
9.27862082380897 -0.881702338915561
9.28490715228039 -0.883148864128325
9.2911934807518 -0.884595389341089
9.29747980922322 -0.886041914553852
9.30376613769464 -0.887488439766616
9.31005246616605 -0.88893496497938
9.31633879463747 -0.890381490192143
9.32262512310888 -0.891828015404906
9.3289114515803 -0.89327454061767
9.33519778005171 -0.894721065830434
9.34148410852313 -0.896167591043197
9.34777043699454 -0.897614116255961
9.35405676546596 -0.899060641468724
9.36034309393737 -0.900507166681488
9.36662942240879 -0.901953691894252
9.3729157508802 -0.903400217107015
9.37920207935162 -0.904846742319779
9.38548840782303 -0.906293267532542
9.39177473629445 -0.907739792745306
9.39806106476586 -0.909186317958069
9.40434739323728 -0.910632843170833
9.4106337217087 -0.912079368383597
9.41692005018011 -0.91352589359636
9.42320637865152 -0.914972418809124
9.42949270712294 -0.916418944021887
9.43577903559436 -0.917865469234651
9.44206536406577 -0.919311994447414
9.44835169253719 -0.920758519660178
9.4546380210086 -0.922205044872942
9.46092434948002 -0.923651570085705
9.46721067795143 -0.925098095298469
9.47349700642285 -0.926544620511232
9.47978333489426 -0.927991145723996
9.48606966336568 -0.929437670936759
9.49235599183709 -0.930884196149523
9.49864232030851 -0.932330721362286
9.50492864877992 -0.93377724657505
9.51121497725134 -0.935223771787814
9.51750130572275 -0.936670297000577
9.52378763419417 -0.938116822213341
9.53007396266559 -0.939563347426104
9.536360291137 -0.941009872638868
9.54264661960842 -0.942456397851631
9.54893294807983 -0.943902923064395
9.55521927655125 -0.945349448277159
9.56150560502266 -0.946795973489922
9.56779193349408 -0.948242498702686
9.57407826196549 -0.949689023915449
9.58036459043691 -0.951135549128213
9.58665091890832 -0.952582074340976
9.59293724737974 -0.95402859955374
9.59922357585115 -0.955475124766504
9.60550990432257 -0.956921649979267
9.61179623279399 -0.958368175192031
9.6180825612654 -0.959814700404794
9.62436888973681 -0.961261225617558
9.63065521820823 -0.962707750830322
9.63694154667965 -0.964154276043085
9.64322787515106 -0.965600801255849
9.64951420362248 -0.967047326468612
9.65580053209389 -0.968493851681376
9.66208686056531 -0.969940376894139
9.66837318903672 -0.969708526920032
9.67465951750814 -0.965700332775466
9.68094584597955 -0.961692138630901
9.68723217445097 -0.957683944486337
9.69351850292238 -0.953675750341771
9.6998048313938 -0.949667556197206
9.70609115986521 -0.945659362052641
9.71237748833663 -0.941651167908075
9.71866381680804 -0.93764297376351
9.72495014527946 -0.933634779618946
9.73123647375087 -0.929626585474381
9.73752280222229 -0.925618391329815
9.74380913069371 -0.92161019718525
9.75009545916512 -0.917602003040685
9.75638178763654 -0.913593808896119
9.76266811610795 -0.909585614751555
9.76895444457937 -0.90557742060699
9.77524077305078 -0.901569226462424
9.7815271015222 -0.897561032317859
9.78781342999361 -0.893552838173294
9.79409975846503 -0.889544644028728
9.80038608693644 -0.885536449884164
9.80667241540786 -0.881528255739599
9.81295874387927 -0.877520061595034
9.81924507235069 -0.873511867450468
9.8255314008221 -0.869503673305903
9.83181772929352 -0.865495479161339
9.83810405776494 -0.861487285016773
9.84439038623635 -0.857479090872208
9.85067671470777 -0.853470896727643
9.85696304317918 -0.849462702583077
9.8632493716506 -0.845454508438512
9.86953570012201 -0.841446314293948
9.87582202859343 -0.837438120149383
9.88210835706484 -0.833429926004817
9.88839468553626 -0.829421731860252
9.89468101400767 -0.825413537715687
9.90096734247909 -0.821405343571121
9.9072536709505 -0.817397149426557
9.91353999942192 -0.813388955281992
9.91982632789333 -0.809380761137426
9.92611265636475 -0.805372566992861
9.93239898483616 -0.801364372848296
9.93868531330758 -0.79735617870373
9.944971641779 -0.793347984559166
9.95125797025041 -0.789339790414601
9.95754429872182 -0.785331596270036
9.96383062719324 -0.78132340212547
9.97011695566466 -0.777315207980905
9.97640328413607 -0.77330701383634
9.98268961260749 -0.769298819691775
9.9889759410789 -0.76529062554721
9.99526226955032 -0.761282431402645
10.0015485980217 -0.757274237258079
10.0078349264931 -0.753266043113514
10.0141212549646 -0.74925784896895
10.020407583436 -0.745249654824384
10.0266939119074 -0.741241460679819
10.0329802403788 -0.737233266535254
10.0392665688502 -0.733225072390689
10.0455528973216 -0.729216878246123
10.0518392257931 -0.725208684101559
10.0581255542645 -0.721200489956994
10.0644118827359 -0.717192295812428
10.0706982112073 -0.713184101667863
10.0769845396787 -0.709175907523298
10.0832708681501 -0.705167713378732
10.0895571966215 -0.701159519234168
10.095843525093 -0.697151325089603
10.1021298535644 -0.693143130945037
10.1084161820358 -0.689134936800472
10.1147025105072 -0.685126742655907
10.1209888389786 -0.681118548511342
10.12727516745 -0.677110354366777
10.1335614959215 -0.673102160222212
10.1398478243929 -0.669093966077647
10.1461341528643 -0.665085771933081
10.1524204813357 -0.661077577788516
10.1587068098071 -0.657069383643952
10.1649931382785 -0.653061189499386
10.1712794667499 -0.649052995354821
10.1775657952214 -0.645044801210256
10.1838521236928 -0.64103660706569
10.1901384521642 -0.637028412921125
10.1964247806356 -0.633020218776561
10.202711109107 -0.629012024631996
10.2089974375784 -0.62500383048743
10.2152837660499 -0.620995636342865
10.2215700945213 -0.6169874421983
10.2278564229927 -0.612979248053734
10.2341427514641 -0.60897105390917
10.2404290799355 -0.604962859764605
10.2467154084069 -0.600954665620039
10.2530017368783 -0.596946471475474
10.2592880653498 -0.592938277330909
10.2655743938212 -0.588930083186343
10.2718607222926 -0.584921889041779
10.278147050764 -0.580913694897214
10.2844333792354 -0.576905500752649
10.2907197077068 -0.572897306608083
10.2970060361783 -0.568889112463518
10.3032923646497 -0.564880918318954
10.3095786931211 -0.560872724174388
10.3158650215925 -0.556864530029823
10.3221513500639 -0.552856335885258
10.3284376785353 -0.548848141740692
10.3347240070067 -0.544839947596127
10.3410103354782 -0.540831753451563
10.3472966639496 -0.536823559306997
10.353582992421 -0.532815365162432
10.3598693208924 -0.528807171017867
10.3661556493638 -0.524798976873302
10.3724419778352 -0.520790782728736
10.3787283063067 -0.516782588584172
10.3850146347781 -0.512774394439607
10.3913009632495 -0.508766200295041
10.3975872917209 -0.504758006150476
10.4038736201923 -0.500749812005911
10.4101599486637 -0.496741617861345
10.4164462771351 -0.492733423716781
10.4227326056066 -0.488725229572216
10.429018934078 -0.48471703542765
10.4353052625494 -0.480708841283085
10.4415915910208 -0.47670064713852
10.4478779194922 -0.472692452993956
10.4541642479636 -0.46868425884939
10.460450576435 -0.464676064704825
10.4667369049065 -0.46066787056026
10.4730232333779 -0.456659676415694
10.4793095618493 -0.452651482271129
10.4855958903207 -0.448643288126565
10.4918822187921 -0.444635093981999
10.4981685472635 -0.440626899837434
10.504454875735 -0.436618705692869
10.5107412042064 -0.432610511548303
10.5170275326778 -0.428602317403738
10.5233138611492 -0.424594123259174
10.5296001896206 -0.420585929114609
10.535886518092 -0.416577734970043
10.5421728465634 -0.412569540825478
10.5484591750349 -0.408561346680913
10.5547455035063 -0.404553152536347
10.5610318319777 -0.400544958391783
10.5673181604491 -0.396536764247218
10.5736044889205 -0.392528570102652
10.5798908173919 -0.388520375958087
10.5861771458634 -0.384512181813522
10.5924634743348 -0.380503987668956
10.5987498028062 -0.376495793524392
10.6050361312776 -0.372487599379827
10.611322459749 -0.368479405235262
10.6176087882204 -0.364471211090696
10.6238951166918 -0.360463016946131
10.6301814451633 -0.356454822801566
10.6364677736347 -0.351373927844729
10.6427541021061 -0.345373575048802
10.6490404305775 -0.339373222252876
10.6553267590489 -0.333372869456948
10.6616130875203 -0.327372516661021
10.6678994159918 -0.321372163865095
10.6741857444632 -0.315371811069167
10.6804720729346 -0.30937145827324
10.686758401406 -0.303371105477314
10.6930447298774 -0.297370752681387
10.6993310583488 -0.291370399885459
10.7056173868202 -0.285370047089533
10.7119037152917 -0.279369694293606
10.7181900437631 -0.273369341497678
10.7244763722345 -0.267368988701752
10.7307627007059 -0.261368635905825
10.7370490291773 -0.255368283109897
10.7433353576487 -0.249367930313971
10.7496216861202 -0.243367577518044
10.7559080145916 -0.237367224722118
10.762194343063 -0.23136687192619
10.7684806715344 -0.225366519130263
10.7747670000058 -0.219366166334337
10.7810533284772 -0.213365813538409
10.7873396569486 -0.207365460742482
10.7936259854201 -0.201365107946556
10.7999123138915 -0.195364755150628
10.8061986423629 -0.189364402354701
10.8124849708343 -0.183364049558775
10.8187712993057 -0.177363696762847
10.8250576277771 -0.17136334396692
10.8313439562486 -0.165362991170994
10.83763028472 -0.159362638375067
10.8439166131914 -0.153362285579139
10.8502029416628 -0.147361932783213
10.8564892701342 -0.141361579987286
10.8627755986056 -0.135361227191358
10.869061927077 -0.129360874395432
10.8753482555485 -0.123360521599505
10.8816345840199 -0.117360168803577
10.8879209124913 -0.111359816007651
10.8942072409627 -0.105359463211724
10.9004935694341 -0.0993591104157963
10.9067798979055 -0.0933587576198698
10.913066226377 -0.0873584048239434
10.9193525548484 -0.0813580520280169
10.9256388833198 -0.0753576992320888
10.9319252117912 -0.0693573464361624
10.9382115402626 -0.0633569936402359
10.944497868734 -0.0573566408443078
10.9507841972054 -0.0513562880483814
10.9570705256769 -0.045355935252455
10.9633568541483 -0.0393555824565268
10.9696431826197 -0.0333552296606004
10.9759295110911 -0.0273548768646739
10.9822158395625 -0.0213545240687458
10.9885021680339 -0.0153541712728194
10.9947884965053 -0.00935381847689293
11.0010748249768 -0.00335346568096651
11.0073611534482 0.00264688711496164
11.0136474819196 0.00864723991088806
11.019933810391 0.0146475927068145
11.0262201388624 0.0206479455027426
11.0325064673338 0.0266482982986691
11.0387927958053 0.0326486510945955
11.0450791242767 0.0386490038905237
11.0513654527481 0.0446493566864501
11.0576517812195 0.0506497094823765
11.0639381096909 0.0566500622783047
11.0702244381623 0.0626504150742311
11.0765107666337 0.0686507678701576
11.0827970951052 0.074651120666084
11.0890834235766 0.0806514734620121
11.095369752048 0.0866518262579385
11.1016560805194 0.092652179053865
11.1079424089908 0.0986525318497931
11.1142287374622 0.10465288464572
11.1205150659337 0.110653237441646
11.1268013944051 0.116653590237574
11.1330877228765 0.122653943033501
11.1393740513479 0.128654295829427
11.1456603798193 0.134654648625355
11.1519467082907 0.140655001421282
11.1582330367621 0.146655354217208
11.1645193652336 0.152655707013134
11.170805693705 0.158656059809063
11.1770920221764 0.164656412604989
11.1833783506478 0.170656765400915
11.1896646791192 0.176657118196844
11.1959510075906 0.18265747099277
11.2022373360621 0.188657823788696
11.2085236645335 0.194658176584625
11.2148099930049 0.200658529380551
11.2210963214763 0.206658882176477
11.2273826499477 0.212659234972406
11.2336689784191 0.218659587768332
11.2399553068905 0.224659940564258
11.246241635362 0.230660293360185
11.2525279638334 0.236660646156113
11.2588142923048 0.24266099895204
11.2651006207762 0.248661351747966
11.2713869492476 0.254661704543894
11.277673277719 0.260662057339821
11.2839596061905 0.266662410135747
11.2902459346619 0.272662762931675
11.2965322631333 0.278663115727602
11.3028185916047 0.284663468523528
11.3091049200761 0.290663821319456
11.3153912485475 0.296664174115382
11.3216775770189 0.302664526911309
11.3279639054904 0.308664879707235
11.3342502339618 0.314665232503163
11.3405365624332 0.32066558529909
11.3468228909046 0.326665938095016
11.353109219376 0.332666290890944
11.3593955478474 0.338666643686871
11.3656818763189 0.344666996482797
11.3719682047903 0.350667349278726
11.3782545332617 0.356667702074652
11.3845408617331 0.362668054870578
11.3908271902045 0.368668407666507
11.3971135186759 0.374668760462433
11.4033998471473 0.380669113258359
11.4096861756188 0.386669466054286
11.4159725040902 0.392669818850214
11.4222588325616 0.39867017164614
11.428545161033 0.404670524442067
11.4348314895044 0.410670877237995
11.4411178179758 0.416671230033921
11.4474041464473 0.422671582829848
11.4536904749187 0.428671935625776
11.4599768033901 0.434672288421702
11.4662631318615 0.440672641217629
11.4725494603329 0.446672994013557
11.4788357888043 0.452673346809483
11.4851221172757 0.45867369960541
11.4914084457472 0.464674052401336
11.4976947742186 0.470674405197264
11.50398110269 0.476674757993191
11.5102674311614 0.482675110789117
11.5165537596328 0.488675463585045
11.5228400881042 0.494675816380972
11.5291264165756 0.500676169176898
11.5354127450471 0.506676521972826
11.5416990735185 0.512676874768753
11.5479854019899 0.518677227564679
11.5542717304613 0.524677580360607
11.5605580589327 0.530677933156534
11.5668443874041 0.53667828595246
11.5731307158756 0.542678638748387
11.579417044347 0.548678991544315
11.5857033728184 0.554679344340241
11.5919897012898 0.560679697136168
11.5982760297612 0.566680049932096
11.6045623582326 0.570225503375822
11.610848686704 0.573034487013888
11.6171350151755 0.575843470651955
11.6234213436469 0.578652454290021
11.6297076721183 0.581461437928087
11.6359940005897 0.584270421566154
11.6422803290611 0.587079405204221
11.6485666575325 0.589888388842287
11.654852986004 0.592697372480353
11.6611393144754 0.595506356118421
11.6674256429468 0.598315339756487
11.6737119714182 0.601124323394553
11.6799982998896 0.60393330703262
11.686284628361 0.606742290670686
11.6925709568324 0.609551274308753
11.6988572853039 0.61236025794682
11.7051436137753 0.615169241584886
11.7114299422467 0.617978225222952
11.7177162707181 0.620787208861019
11.7240025991895 0.623596192499086
11.7302889276609 0.626405176137152
11.7365752561324 0.629214159775218
11.7428615846038 0.632023143413285
11.7491479130752 0.634832127051352
11.7554342415466 0.637641110689418
11.761720570018 0.640450094327485
11.7680068984894 0.643259077965551
11.7742932269608 0.646068061603618
11.7805795554323 0.648877045241685
11.7868658839037 0.651686028879751
11.7931522123751 0.654495012517817
11.7994385408465 0.657303996155883
11.8057248693179 0.660112979793951
11.8120111977893 0.662921963432017
11.8182975262608 0.665730947070083
11.8245838547322 0.66853993070815
11.8308701832036 0.671348914346216
11.837156511675 0.674157897984283
11.8434428401464 0.67696688162235
11.8497291686178 0.679775865260416
11.8560154970892 0.682584848898482
11.8623018255607 0.685393832536549
11.8685881540321 0.688202816174616
11.8748744825035 0.691011799812682
11.8811608109749 0.693820783450748
11.8874471394463 0.696629767088815
11.8937334679177 0.699438750726882
11.9000197963892 0.702247734364948
11.9063061248606 0.705056718003015
11.912592453332 0.707865701641081
11.9188787818034 0.710674685279148
11.9251651102748 0.713483668917215
11.9314514387462 0.716292652555281
11.9377377672176 0.719101636193347
11.9440240956891 0.721910619831414
11.9503104241605 0.724719603469481
11.9565967526319 0.727528587107547
11.9628830811033 0.730337570745613
11.9691694095747 0.73314655438368
11.9754557380461 0.735955538021747
11.9817420665175 0.738764521659813
11.988028394989 0.74157350529788
11.9943147234604 0.744382488935946
12.0006010519318 0.747191472574012
12.0068873804032 0.750000456212079
12.0131737088746 0.752809439850146
12.019460037346 0.755618423488212
12.0257463658175 0.758427407126279
12.0320326942889 0.761236390764345
12.0383190227603 0.764045374402412
12.0446053512317 0.766854358040478
12.0508916797031 0.769663341678545
12.0571780081745 0.772472325316611
12.0634643366459 0.775281308954678
12.0697506651174 0.778090292592745
12.0760369935888 0.780899276230811
12.0823233220602 0.783708259868877
12.0886096505316 0.786517243506944
12.094895979003 0.789326227145011
12.1011823074744 0.792135210783077
12.1074686359459 0.794944194421144
12.1137549644173 0.79775317805921
12.1200412928887 0.800562161697276
12.1263276213601 0.803371145335343
12.1326139498315 0.80618012897341
12.1389002783029 0.808989112611476
12.1451866067743 0.811798096249542
12.1514729352458 0.81460707988761
12.1577592637172 0.817416063525676
12.1640455921886 0.820225047163742
12.17033192066 0.823034030801809
12.1766182491314 0.825843014439875
12.1829045776028 0.828651998077942
12.1891909060743 0.831460981716009
12.1954772345457 0.834269965354075
12.2017635630171 0.837078948992141
12.2080498914885 0.839887932630208
12.2143362199599 0.842696916268275
12.2206225484313 0.845505899906341
12.2269088769027 0.848314883544407
12.2331952053742 0.851123867182474
12.2394815338456 0.853932850820541
12.245767862317 0.856741834458607
12.2520541907884 0.859550818096674
12.2583405192598 0.86235980173474
12.2646268477312 0.865168785372807
12.2709131762027 0.867977769010874
12.2771995046741 0.87078675264894
12.2834858331455 0.873595736287006
12.2897721616169 0.876404719925072
12.2960584900883 0.87921370356314
12.3023448185597 0.882022687201206
12.3086311470311 0.884831670839272
12.3149174755026 0.887640654477339
12.321203803974 0.890449638115405
12.3274901324454 0.893258621753472
12.3337764609168 0.896067605391539
12.3400627893882 0.898876589029605
12.3463491178596 0.901685572667671
12.3526354463311 0.904494556305739
12.3589217748025 0.907303539943805
12.3652081032739 0.910112523581871
12.3714944317453 0.912921507219937
12.3777807602167 0.915730490858004
12.3840670886881 0.918539474496071
12.3903534171595 0.921348458134137
12.396639745631 0.924157441772204
12.4029260741024 0.92696642541027
12.4092124025738 0.929775409048337
12.4154987310452 0.932584392686404
12.4217850595166 0.93539337632447
12.428071387988 0.938202359962536
12.4343577164595 0.941011343600603
12.4406440449309 0.94382032723867
12.4469303734023 0.946629310876736
12.4532167018737 0.949438294514802
12.4595030303451 0.952247278152869
12.4657893588165 0.955056261790936
12.4720756872879 0.957865245429002
12.4783620157594 0.960674229067069
12.4846483442308 0.963483212705135
12.4909346727022 0.966292196343201
12.4972210011736 0.969101179981269
12.503507329645 0.971910163619335
12.5097936581164 0.974719147257401
12.5160799865878 0.977528130895467
12.5223663150593 0.980337114533534
12.5286526435307 0.983146098171601
12.5349389720021 0.985955081809667
12.5412253004735 0.988764065447734
12.5475116289449 0.9915730490858
12.5537979574163 0.994382032723867
12.5600842858878 0.997191016361934
12.5663706143592 1
