0 1
0.00628632847141529 0.997191016361934
0.0125726569428306 0.994382032723867
0.0188589854142459 0.9915730490858
0.0251453138856612 0.988764065447734
0.0314316423570765 0.985955081809667
0.0377179708284918 0.983146098171601
0.0440042992999071 0.980337114533534
0.0502906277713224 0.977528130895468
0.0565769562427376 0.974719147257401
0.0628632847141529 0.971910163619335
0.0691496131855682 0.969101179981268
0.0754359416569835 0.966292196343202
0.0817222701283988 0.963483212705135
0.0880085985998141 0.960674229067069
0.0942949270712294 0.957865245429002
0.100581255542645 0.955056261790936
0.10686758401406 0.952247278152869
0.113153912485475 0.949438294514803
0.119440240956891 0.946629310876736
0.125726569428306 0.94382032723867
0.132012897899721 0.941011343600603
0.138299226371136 0.938202359962537
0.144585554842552 0.93539337632447
0.150871883313967 0.932584392686404
0.157158211785382 0.929775409048337
0.163444540256798 0.926966425410271
0.169730868728213 0.924157441772204
0.176017197199628 0.921348458134138
0.182303525671044 0.918539474496071
0.188589854142459 0.915730490858005
0.194876182613874 0.912921507219938
0.201162511085289 0.910112523581871
0.207448839556705 0.907303539943805
0.21373516802812 0.904494556305738
0.220021496499535 0.901685572667672
0.226307824970951 0.898876589029605
0.232594153442366 0.896067605391539
0.238880481913781 0.893258621753472
0.245166810385196 0.890449638115406
0.251453138856612 0.887640654477339
0.257739467328027 0.884831670839273
0.264025795799442 0.882022687201206
0.270312124270858 0.87921370356314
0.276598452742273 0.876404719925073
0.282884781213688 0.873595736287007
0.289171109685104 0.87078675264894
0.295457438156519 0.867977769010874
0.301743766627934 0.865168785372807
0.308030095099349 0.862359801734741
0.314316423570765 0.859550818096674
0.32060275204218 0.856741834458608
0.326889080513595 0.853932850820541
0.333175408985011 0.851123867182475
0.339461737456426 0.848314883544408
0.345748065927841 0.845505899906342
0.352034394399256 0.842696916268275
0.358320722870672 0.839887932630208
0.364607051342087 0.837078948992142
0.370893379813502 0.834269965354075
0.377179708284918 0.831460981716009
0.383466036756333 0.828651998077942
0.389752365227748 0.825843014439876
0.396038693699164 0.823034030801809
0.402325022170579 0.820225047163743
0.408611350641994 0.817416063525676
0.414897679113409 0.81460707988761
0.421184007584825 0.811798096249543
0.42747033605624 0.808989112611477
0.433756664527655 0.80618012897341
0.440042992999071 0.803371145335344
0.446329321470486 0.800562161697277
0.452615649941901 0.797753178059211
0.458901978413316 0.794944194421144
0.465188306884732 0.792135210783078
0.471474635356147 0.789326227145011
0.477760963827562 0.786517243506945
0.484047292298978 0.783708259868878
0.490333620770393 0.780899276230811
0.496619949241808 0.778090292592745
0.502906277713223 0.775281308954679
0.509192606184639 0.772472325316612
0.515478934656054 0.769663341678545
0.521765263127469 0.766854358040479
0.528051591598885 0.764045374402412
0.5343379200703 0.761236390764346
0.540624248541715 0.758427407126279
0.546910577013131 0.755618423488213
0.553196905484546 0.752809439850146
0.559483233955961 0.75000045621208
0.565769562427376 0.747191472574013
0.572055890898792 0.744382488935947
0.578342219370207 0.74157350529788
0.584628547841622 0.738764521659814
0.590914876313038 0.735955538021747
0.597201204784453 0.733146554383681
0.603487533255868 0.730337570745614
0.609773861727284 0.727528587107548
0.616060190198699 0.724719603469481
0.622346518670114 0.721910619831415
0.628632847141529 0.719101636193348
0.634919175612945 0.716292652555282
0.64120550408436 0.713483668917215
0.647491832555775 0.710674685279149
0.653778161027191 0.707865701641082
0.660064489498606 0.705056718003015
0.666350817970021 0.702247734364949
0.672637146441436 0.699438750726882
0.678923474912852 0.696629767088816
0.685209803384267 0.693820783450749
0.691496131855682 0.691011799812683
0.697782460327098 0.688202816174616
0.704068788798513 0.68539383253655
0.710355117269928 0.682584848898483
0.716641445741343 0.679775865260417
0.722927774212759 0.67696688162235
0.729214102684174 0.674157897984284
0.735500431155589 0.671348914346217
0.741786759627005 0.668539930708151
0.74807308809842 0.665730947070084
0.754359416569835 0.662921963432018
0.760645745041251 0.660112979793951
0.766932073512666 0.657303996155885
0.773218401984081 0.654495012517818
0.779504730455496 0.651686028879752
0.785791058926912 0.648877045241685
0.792077387398327 0.646068061603619
0.798363715869742 0.643259077965552
0.804650044341158 0.640450094327486
0.810936372812573 0.637641110689419
0.817222701283988 0.634832127051353
0.823509029755404 0.632023143413286
0.829795358226819 0.629214159775219
0.836081686698234 0.626405176137153
0.842368015169649 0.623596192499086
0.848654343641065 0.62078720886102
0.85494067211248 0.617978225222953
0.861227000583895 0.615169241584887
0.867513329055311 0.61236025794682
0.873799657526726 0.609551274308754
0.880085985998141 0.606742290670687
0.886372314469556 0.603933307032621
0.892658642940972 0.601124323394554
0.898944971412387 0.598315339756488
0.905231299883802 0.595506356118421
0.911517628355218 0.592697372480355
0.917803956826633 0.589888388842288
0.924090285298048 0.587079405204222
0.930376613769463 0.584270421566155
0.936662942240879 0.581461437928089
0.942949270712294 0.578652454290022
0.949235599183709 0.575843470651956
0.955521927655125 0.573034487013889
0.96180825612654 0.570225503375822
0.968094584597955 0.567415414480419
0.974380913069371 0.564576097668766
0.980667241540786 0.561695272303784
0.986953570012201 0.558772938385473
0.993239898483616 0.555809095913834
0.999526226955032 0.552803744888865
1.00581255542645 0.549756885310568
1.01209888389786 0.546668517178942
1.01838521236928 0.543538640493987
1.02467154084069 0.540367255255703
1.03095786931211 0.537154361464091
1.03724419778352 0.533899959119149
1.04353052625494 0.530604048220879
1.04981685472635 0.52726662876928
1.05610318319777 0.523887700764352
1.06238951166918 0.520467264206095
1.0686758401406 0.517005319094509
1.07496216861202 0.513501865429594
1.08124849708343 0.509956903211351
1.08753482555485 0.506370432439779
1.09382115402626 0.502742453114877
1.10010748249768 0.499072965236648
1.10639381096909 0.495361968805089
1.11268013944051 0.491609463820201
1.11896646791192 0.487815450281984
1.12525279638334 0.483979928190439
1.13153912485475 0.480102897545565
1.13782545332617 0.476184358347362
1.14411178179758 0.47222431059583
1.150398110269 0.468222754290969
1.15668443874041 0.464179689432779
1.16297076721183 0.460095116021261
1.16925709568324 0.455969034056413
1.17554342415466 0.451801443538237
1.18182975262608 0.447592344466732
1.18811608109749 0.443341736841898
1.19440240956891 0.439049620663736
1.20068873804032 0.434715995932244
1.20697506651174 0.430340862647423
1.21326139498315 0.425924220809274
1.21954772345457 0.421466070417796
1.22583405192598 0.416966411472989
1.2321203803974 0.412425243974853
1.23840670886881 0.407842567923389
1.24469303734023 0.403218383318595
1.25097936581164 0.398552690160473
1.25726569428306 0.393845488449021
1.26355202275447 0.389096778184241
1.26983835122589 0.384306559366132
1.2761246796973 0.379474831994695
1.28241100816872 0.374601596069928
1.28869733664014 0.369686851591832
1.29498366511155 0.364730598560408
1.30126999358297 0.359732836975655
1.30755632205438 0.354693566837573
1.3138426505258 0.349612788146162
1.32012897899721 0.344490500901422
1.32641530746863 0.339326705103354
1.33270163594004 0.334121400751956
1.33898796441146 0.32887458784723
1.34527429288287 0.323586266389175
1.35156062135429 0.318256436377791
1.3578469498257 0.312885097813078
1.36413327829712 0.307472250695036
1.37041960676853 0.302017895023665
1.37670593523995 0.296522030798966
1.38299226371136 0.290984658020938
1.38927859218278 0.285405776689581
1.3955649206542 0.279785386804895
1.40185124912561 0.27412348836688
1.40813757759703 0.268420081375537
1.41442390606844 0.262675165830864
1.42071023453986 0.256888741732863
1.42699656301127 0.251060809081532
1.43328289148269 0.245191367876873
1.4395692199541 0.239280418118885
1.44585554842552 0.233327959807569
1.45214187689693 0.227333992942923
1.45842820536835 0.221298517524949
1.46471453383976 0.215221533553646
1.47100086231118 0.209103041029013
1.47728719078259 0.202943039951052
1.48357351925401 0.196741530319762
1.48985984772542 0.190498512135144
1.49614617619684 0.184213985397196
1.50243250466826 0.17788795010592
1.50871883313967 0.171520406261314
1.51500516161109 0.16511135386338
1.5212914900825 0.158660792912117
1.52757781855392 0.152168723407526
1.53386414702533 0.145635145349605
1.54015047549675 0.139060058738356
1.54643680396816 0.132443463573777
1.55272313243958 0.12578535985587
1.55900946091099 0.119085747584634
1.56529578938241 0.112344626760069
1.57158211785382 0.105561997382175
1.57786844632524 0.0987378594509526
1.58415477479665 0.0918722129664013
1.59044110326807 0.0849650579285209
1.59672743173948 0.0780163943373119
1.6030137602109 0.0710262221927737
1.60930008868232 0.063994541494907
1.61558641715373 0.0569213522437114
1.62187274562515 0.0498066544391867
1.62815907409656 0.0426504480813334
1.63444540256798 0.035452733170151
1.64073173103939 0.02821350970564
1.64701805951081 0.0209327776877999
1.65330438798222 0.0136105371166312
1.65959071645364 0.00624678799213352
1.66587704492505 -0.00115846968569289
1.67216337339647 -0.00860523591684836
1.67844970186788 -0.0160935107013325
1.6847360303393 -0.0236232940391454
1.69102235881071 -0.0311945859302875
1.69730868728213 -0.0388073863747581
1.70359501575354 -0.0464616953725578
1.70988134422496 -0.0541575129236861
1.71616767269638 -0.0618948390281436
1.72245400116779 -0.0696736736859296
1.72874032963921 -0.0774940168970448
1.73502665811062 -0.0853558686614885
1.74131298658204 -0.0932592289792614
1.74759931505345 -0.101204097850363
1.75388564352487 -0.109190475274793
1.76017197199628 -0.117218361252552
1.7664583004677 -0.12528775578364
1.77274462893911 -0.133398658868058
1.77903095741053 -0.141551070505803
1.78531728588194 -0.149744990696878
1.79160361435336 -0.157980419441281
1.79788994282477 -0.166257356739014
1.80417627129619 -0.174575802590075
1.8104625997676 -0.182935756994465
1.81674892823902 -0.191337219952184
1.82303525671044 -0.199780191463232
1.82932158518185 -0.208264671527608
1.83560791365327 -0.216790660145314
1.84189424212468 -0.225358157316348
1.8481805705961 -0.233967163040711
1.85446689906751 -0.242617677318403
1.86075322753893 -0.251309700149424
1.86703955601034 -0.260043231533774
1.87332588448176 -0.268818271471452
1.87961221295317 -0.27763481996246
1.88589854142459 -0.286492877006796
1.892184869896 -0.295392442604461
1.89847119836742 -0.304333516755455
1.90475752683883 -0.313316099459778
1.91104385531025 -0.322340190717429
1.91733018378166 -0.33140579052841
1.92361651225308 -0.340512898892719
1.9299028407245 -0.349661515810357
1.93618916919591 -0.358840039469233
1.94247549766733 -0.36796693491215
1.94876182613874 -0.377026410783761
1.95504815461016 -0.386018467084067
1.96133448308157 -0.394943103813067
1.96762081155299 -0.403800320970761
1.9739071400244 -0.41259011855715
1.98019346849582 -0.421312496572234
1.98647979696723 -0.429967455016011
1.99276612543865 -0.438554993888484
1.99905245391006 -0.447075113189651
2.00533878238148 -0.455527812919512
2.01162511085289 -0.463913093078068
2.01791143932431 -0.472230953665318
2.02419776779572 -0.480481394681263
2.03048409626714 -0.488664416125902
2.03677042473856 -0.496780017999235
2.04305675320997 -0.504828200301263
2.04934308168139 -0.512808963031985
2.0556294101528 -0.520722306191403
2.06191573862422 -0.528568229779514
2.06820206709563 -0.53634673379632
2.07448839556705 -0.54405781824182
2.08077472403846 -0.551701483116015
2.08706105250988 -0.559277728418904
2.09334738098129 -0.566786554150488
2.09963370945271 -0.574227960310766
2.10592003792412 -0.581601946899739
2.11220636639554 -0.588908513917406
2.11849269486695 -0.596147661363767
2.12477902333837 -0.603319389238823
2.13106535180978 -0.610423697542573
2.1373516802812 -0.617460586275018
2.14363800875262 -0.624430055436158
2.14992433722403 -0.631332105025991
2.15621066569545 -0.638166735044519
2.16249699416686 -0.644933945491742
2.16878332263828 -0.651633736367659
2.17506965110969 -0.658266107672271
2.18135597958111 -0.664831059405577
2.18764230805252 -0.671328591567578
2.19392863652394 -0.677758704158273
2.20021496499535 -0.684121397177662
2.20650129346677 -0.690416670625746
2.21278762193818 -0.696644524502524
2.2190739504096 -0.702804958807997
2.22536027888101 -0.708897973542164
2.23164660735243 -0.714923568705026
2.23793293582384 -0.720881744296582
2.24421926429526 -0.726772500316833
2.25050559276668 -0.732595836765778
2.25679192123809 -0.738351753643418
2.26307824970951 -0.744040250949752
2.26936457818092 -0.74966132868478
2.27565090665234 -0.755214986848503
2.28193723512375 -0.760701225440921
2.28822356359517 -0.766120044462032
2.29450989206658 -0.771471443911839
2.300796220538 -0.77675542379034
2.30708254900941 -0.781971984097535
2.31336887748083 -0.787121124833424
2.31965520595224 -0.792202845998009
2.32594153442366 -0.797217147591287
2.33222786289507 -0.80216402961326
2.33851419136649 -0.807043492063928
2.3448005198379 -0.81185553494329
2.35108684830932 -0.816600158251346
2.35737317678074 -0.821277361988097
2.36365950525215 -0.825887146153543
2.36994583372357 -0.830429510747682
2.37623216219498 -0.834904455770517
2.3825184906664 -0.839311981222046
2.38880481913781 -0.843652087102269
2.39509114760923 -0.847924773411186
2.40137747608064 -0.852130040148798
2.40766380455206 -0.856267887315105
2.41395013302347 -0.860338314910106
2.42023646149489 -0.864341322933802
2.4265227899663 -0.868276911386191
2.43280911843772 -0.872145080267276
2.43909544690913 -0.875945829577055
2.44538177538055 -0.879679159315528
2.45166810385196 -0.883345069482696
2.45795443232338 -0.886943560078558
2.4642407607948 -0.890474631103115
2.47052708926621 -0.893938282556366
2.47681341773763 -0.897334514438311
2.48309974620904 -0.900663326748951
2.48938607468046 -0.903924719488286
2.49567240315187 -0.907118692656315
2.50195873162329 -0.910245246253038
2.5082450600947 -0.913304380278456
2.51453138856612 -0.916296094732569
2.52081771703753 -0.919220389615375
2.52710404550895 -0.922077264926877
2.53339037398036 -0.924866720667072
2.53967670245178 -0.927588756835962
2.54596303092319 -0.930243373433547
2.55224935939461 -0.932830570459826
2.55853568786602 -0.9353503479148
2.56482201633744 -0.937802705798468
2.57110834480886 -0.94018764411083
2.57739467328027 -0.942505162851887
2.58368100175169 -0.944755262021639
2.5899673302231 -0.946937941620084
2.59625365869452 -0.949053201647225
2.60253998716593 -0.95110104210306
2.60882631563735 -0.953081462987589
2.61511264410876 -0.954994464300812
2.62139897258018 -0.956840046042731
2.62768530105159 -0.958618208213343
2.63397162952301 -0.96032895081265
2.64025795799442 -0.961972273840652
2.64654428646584 -0.963548177297348
2.65283061493725 -0.965056661182738
2.65911694340867 -0.966497725496823
2.66540327188008 -0.967871370239602
2.6716896003515 -0.969177595411076
2.67797592882292 -0.970416401011244
2.68426225729433 -0.971587787040107
2.69054858576575 -0.972691753497664
2.69683491423716 -0.973728300383916
2.70312124270858 -0.974697427698862
2.70940757117999 -0.975599135442502
2.71569389965141 -0.976433423614838
2.72198022812282 -0.977200292215867
2.72826655659424 -0.977899741245591
2.73455288506565 -0.978531770704009
2.74083921353707 -0.979096380591122
2.74712554200848 -0.97959357090693
2.7534118704799 -0.980023341651431
2.75969819895131 -0.980385692824627
2.76598452742273 -0.980680624426518
2.77227085589414 -0.980908136457103
2.77855718436556 -0.981068228916383
2.78484351283698 -0.981160901804357
2.79112984130839 -0.981186155121025
2.79741616977981 -0.981143988866388
2.80370249825122 -0.981034403040446
2.80998882672264 -0.980857397643198
2.81627515519405 -0.980612972674644
2.82256148366547 -0.980301128134785
2.82884781213688 -0.97992186402362
2.8351341406083 -0.97947518034115
2.84142046907971 -0.978961077087374
2.84770679755113 -0.978379554262292
2.85399312602254 -0.977730611865906
2.86027945449396 -0.977014249898213
2.86656578296537 -0.976230468359215
2.87285211143679 -0.975379267248911
2.8791384399082 -0.974460646567302
2.88542476837962 -0.973474606314388
2.89171109685104 -0.972421146490167
2.89799742532245 -0.971300267094642
2.90428375379387 -0.97012727960036
2.91057008226528 -0.968947740363922
2.9168564107367 -0.967764673873731
2.92314273920811 -0.966578080129788
2.92942906767953 -0.965387959132092
2.93571539615094 -0.964194310880645
2.94200172462236 -0.962997135375445
2.94828805309377 -0.961796432616492
2.95457438156519 -0.960592202603788
2.9608607100366 -0.959384445337331
2.96714703850802 -0.958173160817122
2.97343336697943 -0.956958349043161
2.97971969545085 -0.955740010015447
2.98600602392226 -0.954518143733982
2.99229235239368 -0.953292750198764
2.9985786808651 -0.952063829409793
3.00486500933651 -0.950831381367071
3.01115133780793 -0.949595406070596
3.01743766627934 -0.948355903520369
3.02372399475076 -0.94711287371639
3.03001032322217 -0.945866316658658
3.03629665169359 -0.944616232347174
3.042582980165 -0.943362620781938
3.04886930863642 -0.94210548196295
3.05515563710783 -0.940844815890209
3.06144196557925 -0.939580622563716
3.06772829405066 -0.938312901983471
3.07401462252208 -0.937041654149474
3.08030095099349 -0.935766879061724
3.08658727946491 -0.934488576720222
3.09287360793632 -0.933206747124968
3.09915993640774 -0.931921390275961
3.10544626487916 -0.930632506173203
3.11173259335057 -0.929340094816692
3.11801892182199 -0.928044156206428
3.1243052502934 -0.926744690342413
3.13059157876482 -0.925441697224645
3.13687790723623 -0.924135176853125
3.14316423570765 -0.922825129227853
3.14945056417906 -0.921511554348828
3.15573689265048 -0.920194452216051
3.16202322112189 -0.918873822829522
3.16830954959331 -0.917549666189241
3.17459587806472 -0.916221982295208
3.18088220653614 -0.914890771147422
3.18716853500755 -0.913556032745884
3.19345486347897 -0.912217767090593
3.19974119195038 -0.910875974181551
3.2060275204218 -0.909530654018756
3.21231384889322 -0.908181806602209
3.21860017736463 -0.906829431931909
3.22488650583605 -0.905473530007858
3.23117283430746 -0.904114100830054
3.23745916277888 -0.902751144398497
3.24374549125029 -0.901384660713189
3.25003181972171 -0.900014649774128
3.25631814819312 -0.898641111581316
3.26260447666454 -0.89726404613475
3.26889080513595 -0.895883453434433
3.27517713360737 -0.894499333480363
3.28146346207878 -0.893111686272541
3.2877497905502 -0.891720511810967
3.29403611902161 -0.89032581009564
3.30032244749303 -0.888927581126562
3.30660877596444 -0.887525824903731
3.31289510443586 -0.886120541427147
3.31918143290728 -0.884711730696812
3.32546776137869 -0.883299392712724
3.33175408985011 -0.881883527474884
3.33804041832152 -0.880464134983292
3.34432674679294 -0.879041215237947
3.35061307526435 -0.87761476823885
3.35689940373577 -0.876184793986001
3.36318573220718 -0.8747512924794
3.3694720606786 -0.873314263719046
3.37575838915001 -0.87187370770494
3.38204471762143 -0.870429624437082
3.38833104609284 -0.868982013915472
3.39461737456426 -0.867530876140109
3.40090370303567 -0.866076211110994
3.40719003150709 -0.864618018828127
3.4134763599785 -0.863156299291507
3.41976268844992 -0.861691052501136
3.42604901692134 -0.860222278457012
3.43233534539275 -0.858749977159135
3.43862167386417 -0.857274148607507
3.44490800233558 -0.855794792802126
3.451194330807 -0.854311909742993
3.45748065927841 -0.852825499430108
3.46376698774983 -0.85133556186347
3.47005331622124 -0.84984209704308
3.47633964469266 -0.848345104968938
3.48262597316407 -0.846844585641044
3.48891230163549 -0.845340539059398
3.4951986301069 -0.843832965223999
3.50148495857832 -0.842321864134848
3.50777128704973 -0.840807235791944
3.51405761552115 -0.839289080195289
3.52034394399256 -0.837767397344881
3.52663027246398 -0.836242187240721
3.53291660093539 -0.834713449882808
3.53920292940681 -0.833181185271144
3.54548925787823 -0.831645393405727
3.55177558634964 -0.830106074286558
3.55806191482106 -0.828563227913636
3.56434824329247 -0.827016854286962
3.57063457176389 -0.825466953406536
3.5769209002353 -0.823913525272358
3.58320722870672 -0.822356569884428
3.58949355717813 -0.820796087242745
3.59577988564955 -0.81923207734731
3.60206621412096 -0.817664540198123
3.60835254259238 -0.816093475795183
3.61463887106379 -0.814518884138492
3.62092519953521 -0.812940765228048
3.62721152800662 -0.811359119063851
3.63349785647804 -0.809773945645903
3.63978418494946 -0.808185244974202
3.64607051342087 -0.806593017048749
3.65235684189229 -0.804997261869543
3.6586431703637 -0.803397979436586
3.66492949883512 -0.801795169749876
3.67121582730653 -0.800188832809414
3.67750215577795 -0.7985789686152
3.68378848424936 -0.796965577167233
3.69007481272078 -0.795348658465514
3.69636114119219 -0.793728212510043
3.70264746966361 -0.79210423930082
3.70893379813502 -0.790476738837844
3.71522012660644 -0.788845711121116
3.72150645507785 -0.787211156150636
3.72779278354927 -0.785573073926403
3.73407911202068 -0.783931464448419
3.7403654404921 -0.782286327716682
3.74665176896352 -0.780637663731192
3.75293809743493 -0.778985472491951
3.75922442590635 -0.777329753998957
3.76551075437776 -0.775670508252211
3.77179708284918 -0.774007735251713
3.77808341132059 -0.772341434997462
3.78436973979201 -0.77067160748946
3.79065606826342 -0.768998252727705
3.79694239673484 -0.767321370712197
3.80322872520625 -0.765640961442938
3.80951505367767 -0.763957024919926
3.81580138214908 -0.762269561143162
3.8220877106205 -0.760578570112645
3.82837403909191 -0.758884051828377
3.83466036756333 -0.757186006290356
3.84094669603474 -0.755484433498583
3.84723302450616 -0.753779333453057
3.85351935297758 -0.75207070615378
3.85980568144899 -0.75035855160075
3.86609200992041 -0.748642869793968
3.87237833839182 -0.746903364719497
3.87866466686324 -0.74511283408088
3.88495099533465 -0.743271136933577
3.89123732380607 -0.741378273277587
3.89752365227748 -0.73943424311291
3.9038099807489 -0.737439046439547
3.91009630922031 -0.735392683257497
3.91638263769173 -0.73329515356676
3.92266896616314 -0.731146457367336
3.92895529463456 -0.728946594659226
3.93524162310597 -0.726695565442429
3.94152795157739 -0.724393369716945
3.9478142800488 -0.722040007482775
3.95410060852022 -0.719635478739917
3.96038693699164 -0.717179783488373
3.96667326546305 -0.714672921728143
3.97295959393447 -0.712114893459225
3.97924592240588 -0.709505698681621
3.9855322508773 -0.70684533739533
3.99181857934871 -0.704133809600353
3.99810490782013 -0.701371115296688
4.00439123629154 -0.698557254484337
4.01067756476296 -0.695692227163299
4.01696389323437 -0.692776033333575
4.02325022170579 -0.689808672995164
4.0295365501772 -0.686790146148066
4.03582287864862 -0.683720452792281
4.04210920712003 -0.680599592927809
4.04839553559145 -0.677427566554651
4.05468186406286 -0.674204373672807
4.06096819253428 -0.670930014282275
4.06725452100569 -0.667604488383057
4.07354084947711 -0.664227795975151
4.07982717794853 -0.66079993705856
4.08611350641994 -0.657320911633281
4.09239983489136 -0.653790719699316
4.09868616336277 -0.650209361256664
4.10497249183419 -0.646576836305325
4.1112588203056 -0.6428931448453
4.11754514877702 -0.639158286876588
4.12383147724843 -0.635372262399189
4.13011780571985 -0.631535071413103
4.13640413419126 -0.627646713918331
4.14269046266268 -0.623707189914872
4.14897679113409 -0.619716499402726
4.15526311960551 -0.615674642381893
4.16154944807692 -0.611581618852374
4.16783577654834 -0.607437428814168
4.17412210501976 -0.603242072267275
4.18040843349117 -0.598995549211696
4.18669476196259 -0.59469785964743
4.192981090434 -0.590349003574477
4.19926741890542 -0.585948980992837
4.20555374737683 -0.581497791902511
4.21184007584825 -0.576995436303497
4.21812640431966 -0.572441914195798
4.22441273279108 -0.567837225579411
4.23069906126249 -0.563181370454338
4.23698538973391 -0.558474348820578
4.24327171820532 -0.553716160678131
4.24955804667674 -0.548906806026998
4.25584437514815 -0.544046284867178
4.26213070361957 -0.539134597198671
4.26841703209098 -0.534171743021477
4.2747033605624 -0.529157722335597
4.28098968903381 -0.52409253514103
4.28727601750523 -0.518976181437776
4.29356234597665 -0.513808661225835
4.29984867444806 -0.508589974505208
4.30613500291948 -0.503320121275894
4.31242133139089 -0.497999101537894
4.31870765986231 -0.492626915291206
4.32499398833372 -0.487203562535831
4.33128031680514 -0.481729043271771
4.33756664527655 -0.476203357499023
4.34385297374797 -0.470626505217589
4.35013930221938 -0.464998486427468
4.3564256306908 -0.459319301128659
4.36271195916221 -0.453588949321165
4.36899828763363 -0.447807431004984
4.37528461610504 -0.441974746180116
4.38157094457646 -0.436090894846561
4.38785727304788 -0.430155877004319
4.39414360151929 -0.424169692653392
4.40042992999071 -0.418132341793777
4.40671625846212 -0.412043824425475
4.41300258693354 -0.405904140548487
4.41928891540495 -0.399713290162811
4.42557524387637 -0.39347127326845
4.43186157234778 -0.387178089865401
4.4381479008192 -0.380833739953665
4.44443422929061 -0.374438223533244
4.45072055776203 -0.367991540604135
4.45700688623344 -0.361493691166339
4.46329321470486 -0.354944675219857
4.46957954317627 -0.348344492764688
4.47586587164769 -0.341693143800833
4.4821522001191 -0.33499062832829
4.48843852859052 -0.328236946347061
4.49472485706193 -0.321432097857146
4.50101118553335 -0.314576082858543
4.50729751400477 -0.307668901351254
4.51358384247618 -0.300710553335277
4.5198701709476 -0.293701038810614
4.52615649941901 -0.286640357777265
4.53244282789043 -0.279528510235229
4.53872915636184 -0.272365496184507
4.54501548483326 -0.265151315625096
4.55130181330467 -0.257885968557
4.55758814177609 -0.250569454980217
4.5638744702475 -0.243201774894747
4.57016079871892 -0.23578292830059
4.57644712719033 -0.228312915197747
4.58273345566175 -0.220791735586217
4.58901978413316 -0.213219389466001
4.59530611260458 -0.205595876837097
4.601592441076 -0.197921197699506
4.60787876954741 -0.19019535205323
4.61416509801883 -0.182418339898266
4.62045142649024 -0.174590161234616
4.62673775496166 -0.166710816062279
4.63302408343307 -0.158780304381254
4.63931041190449 -0.150798626191544
4.6455967403759 -0.142765781493147
4.65188306884732 -0.134681770286062
4.65816939731873 -0.126546592570292
4.66445572579015 -0.118360248345834
4.67074205426156 -0.110122737612691
4.67702838273298 -0.101834060370859
4.68331471120439 -0.093494216620341
4.68960103967581 -0.0851032063611373
4.69588736814722 -0.0766610295932458
4.70217369661864 -0.0681676863166686
4.70846002509006 -0.0596231765314036
4.71474635356147 -0.0510275002374517
4.72103268203289 -0.0423806574348145
4.7273190105043 -0.0336826481234893
4.73360533897572 -0.0249334723034772
4.73989166744713 -0.0161331299747798
4.74617799591855 -0.00728162113739428
4.75246432438996 0.00162105420867664
4.75875065286138 0.0105748960634355
4.76503698133279 0.0195799044268813
4.77132330980421 0.0286360792990122
4.77760963827562 0.0377434206798314
4.78389596674704 0.0469019285693358
4.79018229521845 0.0561116029675284
4.79646862368987 0.0653724438744077
4.80275495216128 0.0746844512899724
4.8090412806327 0.0840476252142253
4.81532760910412 0.0934619656471646
4.82161393757553 0.10292747258879
4.82790026604695 0.112444146039103
4.83418659451836 0.122010670724186
4.84047292298978 0.13155700830807
4.84675925146119 0.141043371754824
4.85304557993261 0.150469761064448
4.85933190840402 0.159836176236944
4.86561823687544 0.16914261727231
4.87190456534685 0.178389084170548
4.87819089381827 0.187575576931656
4.88447722228968 0.196702095555635
4.8907635507611 0.205768640042485
4.89704987923251 0.214775210392206
4.90333620770393 0.223721806604797
4.90962253617534 0.232608428680259
4.91590886464676 0.241435076618592
4.92219519311818 0.250201750419796
4.92848152158959 0.258908450083871
4.93476785006101 0.267555175610816
4.94105417853242 0.276141927000633
4.94734050700384 0.284668704253319
4.95362683547525 0.293135507368878
4.95991316394667 0.301542336347307
4.96619949241808 0.309889191188606
4.9724858208895 0.318176071892777
4.97877214936091 0.326402978459818
4.98505847783233 0.33456991088973
4.99134480630374 0.342676869182514
4.99763113477516 0.350723853338167
5.00391746324657 0.358710863356692
5.01020379171799 0.366637899238088
5.0164901201894 0.374504960982353
5.02277644866082 0.382312048589491
5.02906277713223 0.390059162059498
5.03534910560365 0.397746301392377
5.04163543407507 0.405373466588127
5.04792176254648 0.412940657646747
5.0542080910179 0.420447874568239
5.06049441948931 0.4278951173526
5.06678074796073 0.435282385999833
5.07306707643214 0.442609680509937
5.07935340490356 0.449877000882911
5.08563973337497 0.457084347118757
5.09192606184639 0.464231719217474
5.0982123903178 0.47131911717906
5.10449871878922 0.478346541003518
5.11078504726063 0.485313990690846
5.11707137573205 0.492221466241046
5.12335770420346 0.499068967654117
5.12964403267488 0.505856494930057
5.1359303611463 0.51258404806887
5.14221668961771 0.519251627070552
5.14850301808913 0.525859231935106
5.15478934656054 0.532406862662531
5.16107567503196 0.538894519252825
5.16736200350337 0.545322201705992
5.17364833197479 0.551689910022029
5.1799346604462 0.557997644200936
5.18622098891762 0.564245404242715
5.19250731738903 0.570433190147364
5.19879364586045 0.576561001914885
5.20507997433186 0.582628839545276
5.21136630280328 0.588636703038537
5.21765263127469 0.59458459239467
5.22393895974611 0.600472507613673
5.23022528821752 0.606300448695548
5.23651161668894 0.612068415640293
5.24279794516035 0.617776408447909
5.24908427363177 0.623424427118396
5.25537060210319 0.629012471651754
5.2616569305746 0.634540542047982
5.26794325904602 0.640008638307082
5.27422958751743 0.645416760429051
5.28051591598885 0.650764908413892
5.28680224446026 0.656053082261605
5.29308857293168 0.661281281972187
5.29937490140309 0.66644950754564
5.30566122987451 0.671557758981964
5.31194755834592 0.67660603628116
5.31823388681734 0.681594339443226
5.32452021528875 0.686522668468162
5.33080654376017 0.69139102335597
5.33709287223158 0.696199404106648
5.343379200703 0.700947810720197
5.34966552917442 0.705636243196618
5.35595185764583 0.710264701535908
5.36223818611725 0.71483318573807
5.36852451458866 0.719341695803103
5.37481084306008 0.723790231731006
5.38109717153149 0.72817879352178
5.38738350000291 0.732507381175425
5.39366982847432 0.736775994691941
5.39995615694574 0.740984634071328
5.40624248541715 0.745133299313585
5.41252881388857 0.749221990418713
5.41881514235998 0.753250707386712
5.4251014708314 0.757219450217582
5.43138779930281 0.761128218911323
5.43767412777423 0.764977013467934
5.44396045624564 0.768765833887417
5.45024678471706 0.77249468016977
5.45653311318847 0.776163552314994
5.46281944165989 0.779772450323089
5.46910577013131 0.783321374194055
5.47539209860272 0.786810323927891
5.48167842707414 0.790239299524599
5.48796475554555 0.793608300984177
5.49425108401697 0.796917328306626
5.50053741248838 0.800166381491945
5.5068237409598 0.803355460540136
5.51311006943121 0.806484565451198
5.51939639790263 0.80955369622513
5.52568272637404 0.812562852861933
5.53196905484546 0.815512035361607
5.53825538331687 0.818401243724152
5.54454171178829 0.821230477949567
5.5508280402597 0.823999738037854
5.55711436873112 0.826709023989011
5.56340069720254 0.829358335803039
5.56968702567395 0.831947673479938
5.57597335414537 0.834477037019708
5.58225968261678 0.836946426422348
5.5885460110882 0.83935584168786
5.59483233955961 0.841705282816242
5.60111866803103 0.843994749807495
5.60740499650244 0.846224242661619
5.61369132497386 0.848393761378614
5.61997765344527 0.850503305958479
5.62626398191669 0.852552876401215
5.6325503103881 0.854542472706822
5.63883663885952 0.856472094875301
5.64512296733093 0.858341742906649
5.65140929580235 0.860151416800869
5.65769562427376 0.86190111655796
5.66398195274518 0.863590842177921
5.6702682812166 0.865220593660753
5.67655460968801 0.866790371006456
5.68284093815943 0.86830017421503
5.68912726663084 0.869750003286474
5.69541359510226 0.87113985822079
5.70169992357367 0.872469739017976
5.70798625204509 0.873739645678033
5.7142725805165 0.874949578200961
5.72055890898792 0.87609953658676
5.72684523745933 0.877189520835429
5.73313156593075 0.878219530946969
5.73941789440216 0.879189566921381
5.74570422287358 0.880099628758663
5.75199055134499 0.880949716458816
5.75827687981641 0.881739830021839
5.76456320828782 0.882469969447734
5.77084953675924 0.883140134736499
5.77713586523066 0.883750325888135
5.78342219370207 0.884300542902642
5.78970852217349 0.88479078578002
5.7959948506449 0.885221054520269
5.80228117911632 0.885595435506922
5.80856750758773 0.885954629119978
5.81485383605915 0.886309096501283
5.82114016453056 0.886658837650837
5.82742649300198 0.887003852568641
5.83371282147339 0.887344141254694
5.83999914994481 0.887679703708996
5.84628547841622 0.888010539931547
5.85257180688764 0.888336649922348
5.85885813535905 0.888658033681398
5.86514446383047 0.888974691208697
5.87143079230188 0.889286622504246
5.8777171207733 0.889593827568044
5.88400344924472 0.889896306400091
5.89028977771613 0.890194059000387
5.89657610618755 0.890487085368932
5.90286243465896 0.890775385505727
5.90914876313038 0.891058959410771
5.91543509160179 0.891337807084065
5.92172142007321 0.891611928525607
5.92800774854462 0.891881323735399
5.93429407701604 0.89214599271344
5.94058040548745 0.892405935459731
5.94686673395887 0.89266115197427
5.95315306243028 0.892911642257059
5.9594393909017 0.893157406308097
5.96572571937311 0.893398444127385
5.97201204784453 0.893634755714922
5.97829837631594 0.893866341070708
5.98458470478736 0.894093200194743
5.99087103325877 0.894315333087027
5.99715736173019 0.894532739747561
6.00344369020161 0.894745420176344
6.00973001867302 0.894953374373377
6.01601634714444 0.895156602338658
6.02230267561585 0.895355104072189
6.02858900408727 0.895548879573969
6.03487533255868 0.895737928843998
6.0411616610301 0.895922251882277
6.04744798950151 0.896101848688805
6.05373431797293 0.896276719263582
6.06002064644434 0.896446863606609
6.06630697491576 0.896612281717884
6.07259330338717 0.896772973597409
6.07887963185859 0.896928939245184
6.08516596033 0.897080178661207
6.09145228880142 0.89722669184548
6.09773861727284 0.897368478798002
6.10402494574425 0.897505539518773
6.11031127421567 0.897637874007794
6.11659760268708 0.897765482265064
6.1228839311585 0.897888364290583
6.12917025962991 0.898006520084351
6.13545658810133 0.898119949646369
6.14174291657274 0.898228652976636
6.14802924504416 0.898332630075152
6.15431557351557 0.898431880941917
6.16060190198699 0.898526405576932
6.1668882304584 0.898616203980196
6.17317455892982 0.898701276151709
6.17946088740123 0.898781622091472
6.18574721587265 0.898857241799483
6.19203354434406 0.898928135275744
6.19831987281548 0.898994302520255
6.20460620128689 0.899055743533014
6.21089252975831 0.899112458314023
6.21717885822973 0.899164446863281
6.22346518670114 0.899211709180788
6.22975151517256 0.899254245266545
6.23603784364397 0.899292055120551
6.24232417211539 0.899325138742806
6.2486105005868 0.899353496133311
6.25489682905822 0.899377127292064
6.26118315752963 0.899396032219067
6.26746948600105 0.899410210914319
6.27375581447246 0.899419663377821
6.28004214294388 0.899424389609572
6.28632847141529 0.899424389609572
6.29261479988671 0.899419663377821
6.29890112835812 0.899410210914319
6.30518745682954 0.899396032219067
6.31147378530096 0.899377127292064
6.31776011377237 0.899353496133311
6.32404644224379 0.899325138742806
6.3303327707152 0.899292055120551
6.33661909918662 0.899254245266545
6.34290542765803 0.899211709180789
6.34919175612945 0.899164446863281
6.35547808460086 0.899112458314023
6.36176441307228 0.899055743533014
6.36805074154369 0.898994302520255
6.37433707001511 0.898928135275744
6.38062339848652 0.898857241799483
6.38690972695794 0.898781622091472
6.39319605542935 0.898701276151709
6.39948238390077 0.898616203980196
6.40576871237218 0.898526405576932
6.4120550408436 0.898431880941917
6.41834136931501 0.898332630075152
6.42462769778643 0.898228652976636
6.43091402625785 0.898119949646369
6.43720035472926 0.898006520084351
6.44348668320068 0.897888364290583
6.44977301167209 0.897765482265064
6.45605934014351 0.897637874007794
6.46234566861492 0.897505539518773
6.46863199708634 0.897368478798002
6.47491832555775 0.89722669184548
6.48120465402917 0.897080178661207
6.48749098250058 0.896928939245184
6.493777310972 0.896772973597409
6.50006363944341 0.896612281717885
6.50634996791483 0.896446863606609
6.51263629638624 0.896276719263583
6.51892262485766 0.896101848688805
6.52520895332908 0.895922251882277
6.53149528180049 0.895737928843999
6.53778161027191 0.895548879573969
6.54406793874332 0.895355104072189
6.55035426721474 0.895156602338658
6.55664059568615 0.894953374373377
6.56292692415757 0.894745420176345
6.56921325262898 0.894532739747562
6.5754995811004 0.894315333087028
6.58178590957181 0.894093200194743
6.58807223804323 0.893866341070708
6.59435856651464 0.893634755714922
6.60064489498606 0.893398444127385
6.60693122345747 0.893157406308098
6.61321755192889 0.89291164225706
6.6195038804003 0.892661151974271
6.62579020887172 0.892405935459731
6.63207653734314 0.892145992713441
6.63836286581455 0.891881323735399
6.64464919428597 0.891611928525608
6.65093552275738 0.891337807084065
6.6572218512288 0.891058959410772
6.66350817970021 0.890775385505728
6.66979450817163 0.890487085368933
6.67608083664304 0.890194059000387
6.68236716511446 0.889896306400091
6.68865349358587 0.889593827568044
6.69493982205729 0.889286622504246
6.7012261505287 0.888974691208698
6.70751247900012 0.888658033681399
6.71379880747153 0.888336649922349
6.72008513594295 0.888010539931548
6.72637146441436 0.887679703708997
6.73265779288578 0.887344141254694
6.73894412135719 0.887003852568642
6.74523044982861 0.886658837650838
6.75151677830003 0.886309096501284
6.75780310677144 0.885954629119979
6.76408943524286 0.885595435506923
6.77037576371427 0.885221054520269
6.77666209218569 0.884790785780021
6.7829484206571 0.884300542902643
6.78923474912852 0.883750325888136
6.79552107759993 0.8831401347365
6.80180740607135 0.882469969447734
6.80809373454276 0.88173983002184
6.81438006301418 0.880949716458816
6.82066639148559 0.880099628758664
6.82695271995701 0.879189566921381
6.83323904842842 0.87821953094697
6.83952537689984 0.87718952083543
6.84581170537126 0.87609953658676
6.85209803384267 0.874949578200962
6.85838436231409 0.873739645678034
6.8646706907855 0.872469739017977
6.87095701925692 0.87113985822079
6.87724334772833 0.869750003286475
6.88352967619975 0.86830017421503
6.88981600467116 0.866790371006457
6.89610233314258 0.865220593660754
6.90238866161399 0.863590842177922
6.90867499008541 0.86190111655796
6.91496131855682 0.86015141680087
6.92124764702824 0.85834174290665
6.92753397549965 0.856472094875301
6.93382030397107 0.854542472706823
6.94010663244248 0.852552876401216
6.9463929609139 0.85050330595848
6.95267928938531 0.848393761378614
6.95896561785673 0.84622424266162
6.96525194632815 0.843994749807496
6.97153827479956 0.841705282816243
6.97782460327098 0.83935584168786
6.98411093174239 0.836946426422349
6.99039726021381 0.834477037019709
6.99668358868522 0.831947673479939
7.00296991715664 0.82935833580304
7.00925624562805 0.826709023989012
7.01554257409947 0.823999738037854
7.02182890257088 0.821230477949568
7.0281152310423 0.818401243724152
7.03440155951371 0.815512035361608
7.04068788798513 0.812562852861934
7.04697421645654 0.80955369622513
7.05326054492796 0.806484565451198
7.05954687339938 0.803355460540137
7.06583320187079 0.800166381491946
7.07211953034221 0.796917328306626
7.07840585881362 0.793608300984177
7.08469218728504 0.790239299524599
7.09097851575645 0.786810323927892
7.09726484422787 0.783321374194055
7.10355117269928 0.77977245032309
7.1098375011707 0.776163552314994
7.11612382964211 0.772494680169771
7.12241015811353 0.768765833887417
7.12869648658494 0.764977013467935
7.13498281505636 0.761128218911323
7.14126914352777 0.757219450217582
7.14755547199919 0.753250707386713
7.1538418004706 0.749221990418714
7.16012812894202 0.745133299313585
7.16641445741343 0.740984634071328
7.17270078588485 0.736775994691941
7.17898711435627 0.732507381175426
7.18527344282768 0.728178793521781
7.1915597712991 0.723790231731006
7.19784609977051 0.719341695803103
7.20413242824193 0.71483318573807
7.21041875671334 0.710264701535908
7.21670508518476 0.705636243196618
7.22299141365617 0.700947810720198
7.22927774212759 0.696199404106649
7.235564070599 0.69139102335597
7.24185039907042 0.686522668468162
7.24813672754183 0.681594339443226
7.25442305601325 0.67660603628116
7.26070938448466 0.671557758981965
7.26699571295608 0.666449507545641
7.2732820414275 0.661281281972187
7.27956836989891 0.656053082261605
7.28585469837033 0.650764908413893
7.29214102684174 0.645416760429052
7.29842735531316 0.640008638307082
7.30471368378457 0.634540542047982
7.31100001225599 0.629012471651754
7.3172863407274 0.623424427118396
7.32357266919882 0.617776408447909
7.32985899767023 0.612068415640294
7.33614532614165 0.606300448695548
7.34243165461306 0.600472507613675
7.34871798308448 0.594584592394671
7.35500431155589 0.588636703038538
7.36129064002731 0.582628839545276
7.36757696849872 0.576561001914885
7.37386329697014 0.570433190147364
7.38014962544155 0.564245404242716
7.38643595391297 0.557997644200937
7.39272228238439 0.551689910022029
7.3990086108558 0.545322201705992
7.40529493932722 0.538894519252826
7.41158126779863 0.532406862662531
7.41786759627005 0.525859231935106
7.42415392474146 0.519251627070553
7.43044025321288 0.51258404806887
7.43672658168429 0.505856494930058
7.44301291015571 0.499068967654117
7.44929923862712 0.492221466241046
7.45558556709854 0.485313990690847
7.46187189556995 0.478346541003518
7.46815822404137 0.47131911717906
7.47444455251278 0.464231719217474
7.4807308809842 0.457084347118757
7.48701720945562 0.449877000882912
7.49330353792703 0.442609680509938
7.49958986639845 0.435282385999834
7.50587619486986 0.427895117352601
7.51216252334128 0.420447874568239
7.51844885181269 0.412940657646747
7.52473518028411 0.405373466588127
7.53102150875552 0.397746301392377
7.53730783722694 0.390059162059499
7.54359416569835 0.382312048589491
7.54988049416977 0.374504960982354
7.55616682264118 0.366637899238088
7.5624531511126 0.358710863356692
7.56873947958401 0.350723853338167
7.57502580805543 0.342676869182514
7.58131213652684 0.33456991088973
7.58759846499826 0.326402978459819
7.59388479346967 0.318176071892777
7.60017112194109 0.309889191188606
7.60645745041251 0.301542336347307
7.61274377888392 0.293135507368878
7.61903010735534 0.284668704253321
7.62531643582675 0.276141927000633
7.63160276429817 0.267555175610816
7.63788909276958 0.258908450083871
7.644175421241 0.250201750419796
7.65046174971241 0.241435076618592
7.65674807818383 0.232608428680259
7.66303440665524 0.223721806604797
7.66932073512666 0.214775210392206
7.67560706359807 0.205768640042485
7.68189339206949 0.196702095555635
7.6881797205409 0.187575576931657
7.69446604901232 0.178389084170548
7.70075237748373 0.169142617272311
7.70703870595515 0.159836176236944
7.71332503442657 0.150469761064448
7.71961136289798 0.141043371754824
7.7258976913694 0.13155700830807
7.73218401984081 0.122010670724186
7.73847034831223 0.112444146039103
7.74475667678364 0.10292747258879
7.75104300525506 0.0934619656471648
7.75732933372647 0.0840476252142253
7.76361566219789 0.0746844512899726
7.7699019906693 0.0653724438744079
7.77618831914072 0.0561116029675286
7.78247464761213 0.0469019285693373
7.78876097608355 0.0377434206798315
7.79504730455496 0.0286360792990124
7.80133363302638 0.0195799044268813
7.8076199614978 0.0105748960634357
7.81390628996921 0.00162105420867681
7.82019261844063 -0.00728162113739409
7.82647894691204 -0.0161331299747795
7.83276527538346 -0.024933472303477
7.83905160385487 -0.033682648123489
7.84533793232629 -0.0423806574348142
7.8516242607977 -0.0510275002374515
7.85791058926912 -0.0596231765314033
7.86419691774053 -0.0681676863166671
7.87048324621195 -0.0766610295932455
7.87676957468336 -0.0851032063611371
7.88305590315478 -0.0934942166203408
7.88934223162619 -0.101834060370859
7.89562856009761 -0.11012273761269
7.90191488856902 -0.118360248345834
7.90820121704044 -0.126546592570292
7.91448754551185 -0.134681770286062
7.92077387398327 -0.142765781493146
7.92706020245469 -0.150798626191544
7.9333465309261 -0.158780304381254
7.93963285939752 -0.166710816062278
7.94591918786893 -0.174590161234615
7.95220551634035 -0.182418339898265
7.95849184481176 -0.19019535205323
7.96477817328318 -0.197921197699506
7.97106450175459 -0.205595876837096
7.97735083022601 -0.213219389465999
7.98363715869742 -0.220791735586216
7.98992348716884 -0.228312915197747
7.99620981564025 -0.23578292830059
8.00249614411167 -0.243201774894747
8.00878247258308 -0.250569454980216
8.0150688010545 -0.257885968557
8.02135512952592 -0.265151315625096
8.02764145799733 -0.272365496184505
8.03392778646875 -0.279528510235229
8.04021411494016 -0.286640357777265
8.04650044341158 -0.293701038810614
8.05278677188299 -0.300710553335276
8.05907310035441 -0.307668901351253
8.06535942882582 -0.314576082858542
8.07164575729724 -0.321432097857144
8.07793208576865 -0.328236946347061
8.08421841424007 -0.33499062832829
8.09050474271148 -0.341693143800832
8.0967910711829 -0.348344492764688
8.10307739965431 -0.354944675219857
8.10936372812573 -0.361493691166339
8.11565005659715 -0.367991540604135
8.12193638506856 -0.374438223533243
8.12822271353997 -0.380833739953665
8.13450904201139 -0.3871780898654
8.14079537048281 -0.393471273268449
8.14708169895422 -0.399713290162811
8.15336802742564 -0.405904140548485
8.15965435589705 -0.412043824425475
8.16594068436847 -0.418132341793776
8.17222701283988 -0.42416969265339
8.1785133413113 -0.43015587700432
8.18479966978271 -0.436090894846561
8.19108599825413 -0.441974746180115
8.19737232672554 -0.447807431004982
8.20365865519696 -0.453588949321165
8.20994498366837 -0.459319301128659
8.21623131213979 -0.464998486427466
8.2225176406112 -0.470626505217588
8.22880396908262 -0.476203357499022
8.23509029755403 -0.481729043271769
8.24137662602545 -0.487203562535831
8.24766295449687 -0.492626915291205
8.25394928296828 -0.497999101537892
8.2602356114397 -0.503320121275894
8.26652193991111 -0.508589974505207
8.27280826838253 -0.513808661225834
8.27909459685394 -0.518976181437774
8.28538092532536 -0.524092535141029
8.29166725379677 -0.529157722335596
8.29795358226819 -0.534171743021476
8.3042399107396 -0.539134597198671
8.31052623921102 -0.544046284867177
8.31681256768243 -0.548906806026997
8.32309889615385 -0.553716160678131
8.32938522462526 -0.558474348820577
8.33567155309668 -0.563181370454337
8.3419578815681 -0.567837225579411
8.34824421003951 -0.572441914195797
8.35453053851093 -0.576995436303497
8.36081686698234 -0.581497791902509
8.36710319545376 -0.585948980992837
8.37338952392517 -0.590349003574476
8.37967585239659 -0.594697859647428
8.385962180868 -0.598995549211695
8.39224850933942 -0.603242072267274
8.39853483781083 -0.607437428814167
8.40482116628225 -0.611581618852374
8.41110749475366 -0.615674642381893
8.41739382322508 -0.619716499402725
8.42368015169649 -0.623707189914871
8.42996648016791 -0.62764671391833
8.43625280863932 -0.631535071413102
8.44253913711074 -0.635372262399187
8.44882546558216 -0.639158286876587
8.45511179405357 -0.642893144845299
8.46139812252498 -0.646576836305324
8.4676844509964 -0.650209361256664
8.47397077946782 -0.653790719699315
8.48025710793923 -0.65732091163328
8.48654343641065 -0.660799937058559
8.49282976488206 -0.664227795975151
8.49911609335348 -0.667604488383056
8.50540242182489 -0.670930014282275
8.51168875029631 -0.674204373672806
8.51797507876772 -0.677427566554651
8.52426140723914 -0.680599592927809
8.53054773571055 -0.683720452792281
8.53683406418197 -0.686790146148065
8.54312039265338 -0.689808672995163
8.5494067211248 -0.692776033333575
8.55569304959621 -0.695692227163299
8.56197937806763 -0.698557254484336
8.56826570653905 -0.701371115296688
8.57455203501046 -0.704133809600352
8.58083836348188 -0.70684533739533
8.58712469195329 -0.709505698681621
8.59341102042471 -0.712114893459225
8.59969734889612 -0.714672921728142
8.60598367736754 -0.717179783488372
8.61227000583895 -0.719635478739917
8.61855633431037 -0.722040007482774
8.62484266278178 -0.724393369716944
8.6311289912532 -0.726695565442429
8.63741531972461 -0.728946594659225
8.64370164819603 -0.731146457367335
8.64998797666745 -0.733295153566759
8.65627430513886 -0.735392683257496
8.66256063361027 -0.737439046439546
8.66884696208169 -0.73943424311291
8.67513329055311 -0.741378273277586
8.68141961902452 -0.743271136933576
8.68770594749594 -0.745112834080879
8.69399227596735 -0.746903364719496
8.70027860443877 -0.748642869793967
8.70656493291018 -0.750358551600749
8.7128512613816 -0.752070706153779
8.71913758985301 -0.753779333453057
8.72542391832443 -0.755484433498582
8.73171024679584 -0.757186006290356
8.73799657526726 -0.758884051828376
8.74428290373867 -0.760578570112645
8.75056923221009 -0.762269561143162
8.7568555606815 -0.763957024919925
8.76314188915292 -0.765640961442937
8.76942821762433 -0.767321370712197
8.77571454609575 -0.768998252727704
8.78200087456717 -0.770671607489459
8.78828720303858 -0.772341434997462
8.79457353151 -0.774007735251713
8.80085985998141 -0.775670508252211
8.80714618845283 -0.777329753998957
8.81343251692424 -0.778985472491951
8.81971884539566 -0.780637663731192
8.82600517386707 -0.782286327716681
8.83229150233849 -0.783931464448418
8.8385778308099 -0.785573073926403
8.84486415928132 -0.787211156150635
8.85115048775273 -0.788845711121115
8.85743681622415 -0.790476738837844
8.86372314469556 -0.792104239300819
8.87000947316698 -0.793728212510042
8.8762958016384 -0.795348658465514
8.88258213010981 -0.796965577167233
8.88886845858123 -0.798578968615199
8.89515478705264 -0.800188832809414
8.90144111552406 -0.801795169749876
8.90772744399547 -0.803397979436586
8.91401377246689 -0.804997261869543
8.9203001009383 -0.806593017048749
8.92658642940972 -0.808185244974202
8.93287275788113 -0.809773945645902
8.93915908635255 -0.811359119063851
8.94544541482396 -0.812940765228047
8.95173174329538 -0.814518884138491
8.95801807176679 -0.816093475795183
8.96430440023821 -0.817664540198123
8.97059072870962 -0.81923207734731
8.97687705718104 -0.820796087242745
8.98316338565246 -0.822356569884428
8.98944971412387 -0.823913525272358
8.99573604259529 -0.825466953406536
9.0020223710667 -0.827016854286962
9.00830869953812 -0.828563227913636
9.01459502800953 -0.830106074286557
9.02088135648095 -0.831645393405727
9.02716768495236 -0.833181185271143
9.03345401342378 -0.834713449882808
9.03974034189519 -0.836242187240721
9.04602667036661 -0.837767397344881
9.05231299883802 -0.839289080195288
9.05859932730944 -0.840807235791944
9.06488565578085 -0.842321864134848
9.07117198425227 -0.843832965223999
9.07745831272368 -0.845340539059397
9.0837446411951 -0.846844585641044
9.09003096966651 -0.848345104968938
9.09631729813793 -0.84984209704308
9.10260362660935 -0.85133556186347
9.10888995508076 -0.852825499430108
9.11517628355218 -0.854311909742993
9.12146261202359 -0.855794792802126
9.12774894049501 -0.857274148607507
9.13403526896642 -0.858749977159135
9.14032159743784 -0.860222278457012
9.14660792590925 -0.861691052501135
9.15289425438067 -0.863156299291507
9.15918058285208 -0.864618018828126
9.1654669113235 -0.866076211110994
9.17175323979491 -0.867530876140109
9.17803956826633 -0.868982013915471
9.18432589673774 -0.870429624437082
9.19061222520916 -0.87187370770494
9.19689855368057 -0.873314263719046
9.20318488215199 -0.8747512924794
9.20947121062341 -0.876184793986001
9.21575753909482 -0.87761476823885
9.22204386756624 -0.879041215237947
9.22833019603765 -0.880464134983292
9.23461652450907 -0.881883527474884
9.24090285298048 -0.883299392712724
9.2471891814519 -0.884711730696812
9.25347550992331 -0.886120541427147
9.25976183839473 -0.88752582490373
9.26604816686614 -0.888927581126562
9.27233449533756 -0.89032581009564
9.27862082380897 -0.891720511810967
9.28490715228039 -0.893111686272541
9.2911934807518 -0.894499333480363
9.29747980922322 -0.895883453434433
9.30376613769464 -0.897264046134751
9.31005246616605 -0.898641111581316
9.31633879463747 -0.900014649774128
9.32262512310888 -0.901384660713189
9.3289114515803 -0.902751144398498
9.33519778005171 -0.904114100830054
9.34148410852313 -0.905473530007858
9.34777043699454 -0.90682943193191
9.35405676546596 -0.908181806602209
9.36034309393737 -0.909530654018756
9.36662942240879 -0.910875974181551
9.3729157508802 -0.912217767090593
9.37920207935162 -0.913556032745884
9.38548840782303 -0.914890771147422
9.39177473629445 -0.916221982295208
9.39806106476586 -0.917549666189241
9.40434739323728 -0.918873822829523
9.4106337217087 -0.920194452216052
9.41692005018011 -0.921511554348828
9.42320637865152 -0.922825129227853
9.42949270712294 -0.924135176853126
9.43577903559436 -0.925441697224645
9.44206536406577 -0.926744690342413
9.44835169253719 -0.928044156206429
9.4546380210086 -0.929340094816692
9.46092434948002 -0.930632506173203
9.46721067795143 -0.931921390275962
9.47349700642285 -0.933206747124968
9.47978333489426 -0.934488576720222
9.48606966336568 -0.935766879061724
9.49235599183709 -0.937041654149474
9.49864232030851 -0.938312901983471
9.50492864877992 -0.939580622563716
9.51121497725134 -0.940844815890209
9.51750130572275 -0.94210548196295
9.52378763419417 -0.943362620781938
9.53007396266559 -0.944616232347175
9.536360291137 -0.945866316658659
9.54264661960842 -0.94711287371639
9.54893294807983 -0.948355903520369
9.55521927655125 -0.949595406070596
9.56150560502266 -0.950831381367071
9.56779193349408 -0.952063829409794
9.57407826196549 -0.953292750198764
9.58036459043691 -0.954518143733982
9.58665091890832 -0.955740010015448
9.59293724737974 -0.956958349043162
9.59922357585115 -0.958173160817123
9.60550990432257 -0.959384445337332
9.61179623279399 -0.960592202603789
9.6180825612654 -0.961796432616493
9.62436888973681 -0.962997135375445
9.63065521820823 -0.964194310880645
9.63694154667965 -0.965387959132093
9.64322787515106 -0.966578080129788
9.64951420362248 -0.967764673873731
9.65580053209389 -0.968947740363923
9.66208686056531 -0.970127279600361
9.66837318903672 -0.971300267094642
9.67465951750814 -0.972421146490168
9.68094584597955 -0.973474606314389
9.68723217445097 -0.974460646567303
9.69351850292238 -0.975379267248912
9.6998048313938 -0.976230468359216
9.70609115986521 -0.977014249898214
9.71237748833663 -0.977730611865906
9.71866381680804 -0.978379554262293
9.72495014527946 -0.978961077087375
9.73123647375087 -0.97947518034115
9.73752280222229 -0.979921864023621
9.74380913069371 -0.980301128134785
9.75009545916512 -0.980612972674645
9.75638178763654 -0.980857397643198
9.76266811610795 -0.981034403040446
9.76895444457937 -0.981143988866389
9.77524077305078 -0.981186155121026
9.7815271015222 -0.981160901804358
9.78781342999361 -0.981068228916383
9.79409975846503 -0.980908136457104
9.80038608693644 -0.980680624426519
9.80667241540786 -0.980385692824628
9.81295874387927 -0.980023341651432
9.81924507235069 -0.97959357090693
9.8255314008221 -0.979096380591123
9.83181772929352 -0.97853177070401
9.83810405776494 -0.977899741245592
9.84439038623635 -0.977200292215868
9.85067671470777 -0.976433423614838
9.85696304317918 -0.975599135442503
9.8632493716506 -0.974697427698863
9.86953570012201 -0.973728300383917
9.87582202859343 -0.972691753497665
9.88210835706484 -0.971587787040108
9.88839468553626 -0.970416401011245
9.89468101400767 -0.969177595411077
9.90096734247909 -0.967871370239603
9.9072536709505 -0.966497725496824
9.91353999942192 -0.965056661182739
9.91982632789333 -0.963548177297348
9.92611265636475 -0.961972273840652
9.93239898483616 -0.960328950812651
9.93868531330758 -0.958618208213344
9.944971641779 -0.956840046042731
9.95125797025041 -0.954994464300813
9.95754429872182 -0.95308146298759
9.96383062719324 -0.95110104210306
9.97011695566466 -0.949053201647226
9.97640328413607 -0.946937941620085
9.98268961260749 -0.944755262021639
9.9889759410789 -0.942505162851888
9.99526226955032 -0.940187644110831
10.0015485980217 -0.937802705798468
10.0078349264931 -0.9353503479148
10.0141212549646 -0.932830570459827
10.020407583436 -0.930243373433547
10.0266939119074 -0.927588756835963
10.0329802403788 -0.924866720667073
10.0392665688502 -0.922077264926878
10.0455528973216 -0.919220389615376
10.0518392257931 -0.916296094732569
10.0581255542645 -0.913304380278457
10.0644118827359 -0.910245246253039
10.0706982112073 -0.907118692656316
10.0769845396787 -0.903924719488287
10.0832708681501 -0.900663326748952
10.0895571966215 -0.897334514438312
10.095843525093 -0.893938282556367
10.1021298535644 -0.890474631103115
10.1084161820358 -0.886943560078558
10.1147025105072 -0.883345069482697
10.1209888389786 -0.879679159315529
10.12727516745 -0.875945829577055
10.1335614959215 -0.872145080267276
10.1398478243929 -0.868276911386192
10.1461341528643 -0.864341322933802
10.1524204813357 -0.860338314910107
10.1587068098071 -0.856267887315106
10.1649931382785 -0.852130040148799
10.1712794667499 -0.847924773411187
10.1775657952214 -0.843652087102269
10.1838521236928 -0.839311981222046
10.1901384521642 -0.834904455770517
10.1964247806356 -0.830429510747683
10.202711109107 -0.825887146153544
10.2089974375784 -0.821277361988098
10.2152837660499 -0.816600158251347
10.2215700945213 -0.811855534943291
10.2278564229927 -0.807043492063928
10.2341427514641 -0.802164029613261
10.2404290799355 -0.797217147591288
10.2467154084069 -0.792202845998009
10.2530017368783 -0.787121124833425
10.2592880653498 -0.781971984097536
10.2655743938212 -0.776755423790339
10.2718607222926 -0.771471443911839
10.278147050764 -0.766120044462033
10.2844333792354 -0.760701225440922
10.2907197077068 -0.755214986848503
10.2970060361783 -0.749661328684781
10.3032923646497 -0.744040250949753
10.3095786931211 -0.738351753643418
10.3158650215925 -0.732595836765779
10.3221513500639 -0.726772500316834
10.3284376785353 -0.720881744296582
10.3347240070067 -0.714923568705027
10.3410103354782 -0.708897973542165
10.3472966639496 -0.702804958807997
10.353582992421 -0.696644524502525
10.3598693208924 -0.690416670625747
10.3661556493638 -0.684121397177663
10.3724419778352 -0.677758704158273
10.3787283063067 -0.671328591567578
10.3850146347781 -0.664831059405578
10.3913009632495 -0.658266107672271
10.3975872917209 -0.65163373636766
10.4038736201923 -0.644933945491743
10.4101599486637 -0.638166735044519
10.4164462771351 -0.631332105025992
10.4227326056066 -0.624430055436158
10.429018934078 -0.617460586275018
10.4353052625494 -0.610423697542573
10.4415915910208 -0.603319389238824
10.4478779194922 -0.596147661363768
10.4541642479636 -0.588908513917405
10.460450576435 -0.581601946899739
10.4667369049065 -0.574227960310767
10.4730232333779 -0.566786554150487
10.4793095618493 -0.559277728418904
10.4855958903207 -0.551701483116016
10.4918822187921 -0.54405781824182
10.4981685472635 -0.53634673379632
10.504454875735 -0.528568229779515
10.5107412042064 -0.520722306191402
10.5170275326778 -0.512808963031986
10.5233138611492 -0.504828200301264
10.5296001896206 -0.496780017999237
10.535886518092 -0.488664416125901
10.5421728465634 -0.480481394681263
10.5484591750349 -0.472230953665319
10.5547455035063 -0.463913093078067
10.5610318319777 -0.455527812919512
10.5673181604491 -0.447075113189652
10.5736044889205 -0.438554993888483
10.5798908173919 -0.429967455016012
10.5861771458634 -0.421312496572234
10.5924634743348 -0.412590118557149
10.5987498028062 -0.403800320970761
10.6050361312776 -0.394943103813068
10.611322459749 -0.386018467084068
10.6176087882204 -0.377026410783761
10.6238951166918 -0.367966934912151
10.6301814451633 -0.358840039469235
10.6364677736347 -0.349661515810357
10.6427541021061 -0.34051289889272
10.6490404305775 -0.331405790528411
10.6553267590489 -0.322340190717429
10.6616130875203 -0.313316099459778
10.6678994159918 -0.304333516755456
10.6741857444632 -0.29539244260446
10.6804720729346 -0.286492877006796
10.686758401406 -0.27763481996246
10.6930447298774 -0.268818271471454
10.6993310583488 -0.260043231533774
10.7056173868202 -0.251309700149425
10.7119037152917 -0.242617677318405
10.7181900437631 -0.233967163040711
10.7244763722345 -0.225358157316348
10.7307627007059 -0.216790660145315
10.7370490291773 -0.208264671527608
10.7433353576487 -0.199780191463232
10.7496216861202 -0.191337219952185
10.7559080145916 -0.182935756994467
10.762194343063 -0.174575802590075
10.7684806715344 -0.166257356739015
10.7747670000058 -0.157980419441283
10.7810533284772 -0.149744990696878
10.7873396569486 -0.141551070505804
10.7936259854201 -0.133398658868059
10.7999123138915 -0.12528775578364
10.8061986423629 -0.117218361252553
10.8124849708343 -0.109190475274794
10.8187712993057 -0.101204097850362
10.8250576277771 -0.0932592289792614
10.8313439562486 -0.0853558686614894
10.83763028472 -0.0774940168970462
10.8439166131914 -0.0696736736859297
10.8502029416628 -0.0618948390281442
10.8564892701342 -0.0541575129236876
10.8627755986056 -0.0464616953725576
10.869061927077 -0.0388073863747587
10.8753482555485 -0.0311945859302886
10.8816345840199 -0.0236232940391453
10.8879209124913 -0.0160935107013329
10.8942072409627 -0.00860523591684931
10.9004935694341 -0.00115846968569251
10.9067798979055 0.00624678799213334
10.913066226377 0.0136105371166304
10.9193525548484 0.0209327776877985
10.9256388833198 0.0282135097056399
10.9319252117912 0.0354527331701504
10.9382115402626 0.042650448081332
10.944497868734 0.0498066544391868
10.9507841972054 0.0569213522437107
10.9570705256769 0.0639945414949058
10.9633568541483 0.071026222192774
10.9696431826197 0.0780163943373114
10.9759295110911 0.0849650579285199
10.9822158395625 0.0918722129664015
10.9885021680339 0.0987378594509524
10.9947884965053 0.105561997382174
11.0010748249768 0.112344626760068
11.0073611534482 0.119085747584634
11.0136474819196 0.125785359855869
11.019933810391 0.132443463573776
11.0262201388624 0.139060058738355
11.0325064673338 0.145635145349604
11.0387927958053 0.152168723407524
11.0450791242767 0.158660792912118
11.0513654527481 0.16511135386338
11.0576517812195 0.171520406261314
11.0639381096909 0.17788795010592
11.0702244381623 0.184213985397196
11.0765107666337 0.190498512135143
11.0827970951052 0.196741530319761
11.0890834235766 0.202943039951052
11.095369752048 0.209103041029013
11.1016560805194 0.215221533553644
11.1079424089908 0.221298517524949
11.1142287374622 0.227333992942923
11.1205150659337 0.233327959807568
11.1268013944051 0.239280418118886
11.1330877228765 0.245191367876873
11.1393740513479 0.251060809081531
11.1456603798193 0.256888741732863
11.1519467082907 0.262675165830864
11.1582330367621 0.268420081375536
11.1645193652336 0.274123488366879
11.170805693705 0.279785386804895
11.1770920221764 0.28540577668958
11.1833783506478 0.290984658020937
11.1896646791192 0.296522030798966
11.1959510075906 0.302017895023665
11.2022373360621 0.307472250695035
11.2085236645335 0.312885097813078
11.2148099930049 0.31825643637779
11.2210963214763 0.323586266389174
11.2273826499477 0.32887458784723
11.2336689784191 0.334121400751956
11.2399553068905 0.339326705103353
11.246241635362 0.344490500901421
11.2525279638334 0.349612788146162
11.2588142923048 0.354693566837572
11.2651006207762 0.359732836975654
11.2713869492476 0.364730598560408
11.277673277719 0.369686851591832
11.2839596061905 0.374601596069927
11.2902459346619 0.379474831994694
11.2965322631333 0.384306559366132
11.3028185916047 0.38909677818424
11.3091049200761 0.393845488449021
11.3153912485475 0.398552690160472
11.3216775770189 0.403218383318594
11.3279639054904 0.407842567923387
11.3342502339618 0.412425243974853
11.3405365624332 0.416966411472988
11.3468228909046 0.421466070417795
11.353109219376 0.425924220809274
11.3593955478474 0.430340862647423
11.3656818763189 0.434715995932243
11.3719682047903 0.439049620663735
11.3782545332617 0.443341736841898
11.3845408617331 0.447592344466731
11.3908271902045 0.451801443538237
11.3971135186759 0.455969034056413
11.4033998471473 0.46009511602126
11.4096861756188 0.464179689432778
11.4159725040902 0.468222754290968
11.4222588325616 0.472224310595829
11.428545161033 0.47618435834736
11.4348314895044 0.480102897545564
11.4411178179758 0.483979928190438
11.4474041464473 0.487815450281983
11.4536904749187 0.4916094638202
11.4599768033901 0.495361968805088
11.4662631318615 0.499072965236646
11.4725494603329 0.502742453114877
11.4788357888043 0.506370432439778
11.4851221172757 0.50995690321135
11.4914084457472 0.513501865429593
11.4976947742186 0.517005319094508
11.50398110269 0.520467264206094
11.5102674311614 0.52388770076435
11.5165537596328 0.527266628769279
11.5228400881042 0.530604048220878
11.5291264165756 0.533899959119148
11.5354127450471 0.53715436146409
11.5416990735185 0.540367255255702
11.5479854019899 0.543538640493986
11.5542717304613 0.546668517178941
11.5605580589327 0.549756885310567
11.5668443874041 0.552803744888864
11.5731307158756 0.555809095913832
11.579417044347 0.558772938385472
11.5857033728184 0.561695272303783
11.5919897012898 0.564576097668765
11.5982760297612 0.567415414480418
11.6045623582326 0.570225503375822
11.610848686704 0.573034487013888
11.6171350151755 0.575843470651955
11.6234213436469 0.578652454290021
11.6297076721183 0.581461437928087
11.6359940005897 0.584270421566154
11.6422803290611 0.587079405204221
11.6485666575325 0.589888388842287
11.654852986004 0.592697372480353
11.6611393144754 0.595506356118421
11.6674256429468 0.598315339756487
11.6737119714182 0.601124323394553
11.6799982998896 0.60393330703262
11.686284628361 0.606742290670686
11.6925709568324 0.609551274308753
11.6988572853039 0.61236025794682
11.7051436137753 0.615169241584886
11.7114299422467 0.617978225222952
11.7177162707181 0.620787208861019
11.7240025991895 0.623596192499086
11.7302889276609 0.626405176137152
11.7365752561324 0.629214159775218
11.7428615846038 0.632023143413285
11.7491479130752 0.634832127051352
11.7554342415466 0.637641110689418
11.761720570018 0.640450094327485
11.7680068984894 0.643259077965551
11.7742932269608 0.646068061603617
11.7805795554323 0.648877045241685
11.7868658839037 0.651686028879751
11.7931522123751 0.654495012517817
11.7994385408465 0.657303996155883
11.8057248693179 0.66011297979395
11.8120111977893 0.662921963432017
11.8182975262608 0.665730947070083
11.8245838547322 0.66853993070815
11.8308701832036 0.671348914346216
11.837156511675 0.674157897984283
11.8434428401464 0.67696688162235
11.8497291686178 0.679775865260416
11.8560154970892 0.682584848898482
11.8623018255607 0.685393832536549
11.8685881540321 0.688202816174616
11.8748744825035 0.691011799812682
11.8811608109749 0.693820783450748
11.8874471394463 0.696629767088815
11.8937334679177 0.699438750726882
11.9000197963892 0.702247734364948
11.9063061248606 0.705056718003015
11.912592453332 0.707865701641081
11.9188787818034 0.710674685279147
11.9251651102748 0.713483668917214
11.9314514387462 0.716292652555281
11.9377377672176 0.719101636193347
11.9440240956891 0.721910619831414
11.9503104241605 0.72471960346948
11.9565967526319 0.727528587107547
11.9628830811033 0.730337570745613
11.9691694095747 0.73314655438368
11.9754557380461 0.735955538021746
11.9817420665175 0.738764521659813
11.988028394989 0.74157350529788
11.9943147234604 0.744382488935946
12.0006010519318 0.747191472574012
12.0068873804032 0.750000456212079
12.0131737088746 0.752809439850146
12.019460037346 0.755618423488212
12.0257463658175 0.758427407126279
12.0320326942889 0.761236390764345
12.0383190227603 0.764045374402412
12.0446053512317 0.766854358040478
12.0508916797031 0.769663341678545
12.0571780081745 0.772472325316611
12.0634643366459 0.775281308954678
12.0697506651174 0.778090292592745
12.0760369935888 0.780899276230811
12.0823233220602 0.783708259868877
12.0886096505316 0.786517243506944
12.094895979003 0.789326227145011
12.1011823074744 0.792135210783077
12.1074686359459 0.794944194421144
12.1137549644173 0.79775317805921
12.1200412928887 0.800562161697276
12.1263276213601 0.803371145335343
12.1326139498315 0.80618012897341
12.1389002783029 0.808989112611476
12.1451866067743 0.811798096249542
12.1514729352458 0.814607079887609
12.1577592637172 0.817416063525676
12.1640455921886 0.820225047163742
12.17033192066 0.823034030801809
12.1766182491314 0.825843014439875
12.1829045776028 0.828651998077942
12.1891909060743 0.831460981716009
12.1954772345457 0.834269965354075
12.2017635630171 0.837078948992141
12.2080498914885 0.839887932630207
12.2143362199599 0.842696916268275
12.2206225484313 0.845505899906341
12.2269088769027 0.848314883544407
12.2331952053742 0.851123867182474
12.2394815338456 0.85393285082054
12.245767862317 0.856741834458607
12.2520541907884 0.859550818096674
12.2583405192598 0.86235980173474
12.2646268477312 0.865168785372807
12.2709131762027 0.867977769010874
12.2771995046741 0.87078675264894
12.2834858331455 0.873595736287006
12.2897721616169 0.876404719925072
12.2960584900883 0.87921370356314
12.3023448185597 0.882022687201206
12.3086311470311 0.884831670839272
12.3149174755026 0.887640654477339
12.321203803974 0.890449638115405
12.3274901324454 0.893258621753472
12.3337764609168 0.896067605391539
12.3400627893882 0.898876589029605
12.3463491178596 0.901685572667671
12.3526354463311 0.904494556305738
12.3589217748025 0.907303539943805
12.3652081032739 0.910112523581871
12.3714944317453 0.912921507219937
12.3777807602167 0.915730490858004
12.3840670886881 0.918539474496071
12.3903534171595 0.921348458134137
12.396639745631 0.924157441772204
12.4029260741024 0.92696642541027
12.4092124025738 0.929775409048337
12.4154987310452 0.932584392686404
12.4217850595166 0.93539337632447
12.428071387988 0.938202359962536
12.4343577164595 0.941011343600603
12.4406440449309 0.94382032723867
12.4469303734023 0.946629310876736
12.4532167018737 0.949438294514802
12.4595030303451 0.952247278152869
12.4657893588165 0.955056261790936
12.4720756872879 0.957865245429002
12.4783620157594 0.960674229067069
12.4846483442308 0.963483212705135
12.4909346727022 0.966292196343201
12.4972210011736 0.969101179981268
12.503507329645 0.971910163619335
12.5097936581164 0.974719147257401
12.5160799865878 0.977528130895467
12.5223663150593 0.980337114533534
12.5286526435307 0.983146098171601
12.5349389720021 0.985955081809667
12.5412253004735 0.988764065447734
12.5475116289449 0.9915730490858
12.5537979574163 0.994382032723867
12.5600842858878 0.997191016361934
12.5663706143592 1
