0 1
0.00628632847141529 0.997003273690154
0.0125726569428306 0.994025596493687
0.0188589854142459 0.991066968410597
0.0251453138856612 0.988127389440886
0.0314316423570765 0.985206859584553
0.0377179708284918 0.982305378841597
0.0440042992999071 0.97942294721202
0.0502906277713224 0.976559564695821
0.0565769562427376 0.973715231293
0.0628632847141529 0.970889947003557
0.0691496131855682 0.968083711827492
0.0754359416569835 0.965296525764805
0.0817222701283988 0.962528388815497
0.0880085985998141 0.959779300979566
0.0942949270712294 0.957049262257014
0.100581255542645 0.954338272647839
0.10686758401406 0.951646332152043
0.113153912485475 0.948973440769624
0.119440240956891 0.946319598500584
0.125726569428306 0.943684805344922
0.132012897899721 0.941069061302638
0.138299226371136 0.938472366373732
0.144585554842552 0.935894720558204
0.150871883313967 0.933336123856054
0.157158211785382 0.930796576267282
0.163444540256798 0.928276077791888
0.169730868728213 0.925774628429873
0.176017197199628 0.923292228181235
0.182303525671044 0.920828877045975
0.188589854142459 0.918384575024094
0.194876182613874 0.915959322115591
0.201162511085289 0.913553118320465
0.207448839556705 0.911165963638718
0.21373516802812 0.908797858070349
0.220021496499535 0.906448801615358
0.226307824970951 0.904118794273745
0.232594153442366 0.90180783604551
0.238880481913781 0.899515926930653
0.245166810385196 0.897243066929174
0.251453138856612 0.894989256041074
0.257739467328027 0.892754494266351
0.264025795799442 0.890538781605007
0.270312124270858 0.88834211805704
0.276598452742273 0.886164503622452
0.282884781213688 0.884005938301241
0.289171109685104 0.881866422093409
0.295457438156519 0.879745954998955
0.301743766627934 0.877644537017879
0.308030095099349 0.875562168150181
0.314316423570765 0.873498848395861
0.32060275204218 0.871454577754919
0.326889080513595 0.869429356227355
0.333175408985011 0.86742318381317
0.339461737456426 0.865436060512362
0.345748065927841 0.863467986324932
0.352034394399256 0.861518961250881
0.358320722870672 0.859588985290208
0.364607051342087 0.857678058442912
0.370893379813502 0.855786180708995
0.377179708284918 0.853913352088456
0.383466036756333 0.852059572581295
0.389752365227748 0.850224842187512
0.396038693699164 0.848409160907107
0.402325022170579 0.84661252874008
0.408611350641994 0.844834945686431
0.414897679113409 0.84307641174616
0.421184007584825 0.841336926919268
0.42747033605624 0.839616491205753
0.433756664527655 0.837915104605616
0.440042992999071 0.836232767118858
0.446329321470486 0.834569478745478
0.452615649941901 0.832925239485475
0.458901978413316 0.831300049338851
0.465188306884732 0.829693908305605
0.471474635356147 0.828106816385737
0.477760963827562 0.826538773579247
0.484047292298978 0.824989779886135
0.490333620770393 0.823459835306401
0.496619949241808 0.821948939840046
0.502906277713223 0.820457093487068
0.509192606184639 0.818984296247468
0.515478934656054 0.817530548121247
0.521765263127469 0.816095849108403
0.528051591598885 0.814680199208938
0.5343379200703 0.813283598422851
0.540624248541715 0.811906046750141
0.546910577013131 0.81054754419081
0.553196905484546 0.809208090744857
0.559483233955961 0.807887686412282
0.565769562427376 0.806586331193085
0.572055890898792 0.805304025087267
0.578342219370207 0.804040768094826
0.584628547841622 0.802796560215763
0.590914876313038 0.801571401450078
0.597201204784453 0.800365291797772
0.603487533255868 0.799178231258843
0.609773861727284 0.798010219833293
0.616060190198699 0.79686125752112
0.622346518670114 0.795731344322326
0.628632847141529 0.79462048023691
0.634919175612945 0.793528665264872
0.64120550408436 0.792455899406212
0.647491832555775 0.79140218266093
0.653778161027191 0.790367515029026
0.660064489498606 0.7893518965105
0.666350817970021 0.788324715906805
0.672637146441436 0.787220533277934
0.678923474912852 0.786037171827546
0.685209803384267 0.784774631555641
0.691496131855682 0.783432912462219
0.697782460327098 0.78201201454728
0.704068788798513 0.780511937810824
0.710355117269928 0.778932682252851
0.716641445741343 0.777274247873361
0.722927774212759 0.775536634672354
0.729214102684174 0.77371984264983
0.735500431155589 0.771823871805789
0.741786759627005 0.769848722140231
0.74807308809842 0.767794393653156
0.754359416569835 0.765660886344565
0.760645745041251 0.763448200214456
0.766932073512666 0.76115633526283
0.773218401984081 0.758785291489687
0.779504730455496 0.756335068895028
0.785791058926912 0.753805667478851
0.792077387398327 0.751197087241158
0.798363715869742 0.748509328181947
0.804650044341158 0.745742390301219
0.810936372812573 0.742896273598975
0.817222701283988 0.739970978075213
0.823509029755404 0.736966503729935
0.829795358226819 0.73388285056314
0.836081686698234 0.730720018574827
0.842368015169649 0.727478007764998
0.848654343641065 0.724156818133652
0.85494067211248 0.720756449680788
0.861227000583895 0.717276902406408
0.867513329055311 0.713718176310511
0.873799657526726 0.710080271393096
0.880085985998141 0.706363187654165
0.886372314469556 0.702566925093717
0.892658642940972 0.698691483711752
0.898944971412387 0.69473686350827
0.905231299883802 0.690703064483271
0.911517628355218 0.686590086636755
0.917803956826633 0.682397929968722
0.924090285298048 0.678126594479172
0.930376613769463 0.673776080168105
0.936662942240879 0.669346387035521
0.942949270712294 0.66483751508142
0.949235599183709 0.660249464305802
0.955521927655125 0.655582234708667
0.96180825612654 0.650835826290015
0.968094584597955 0.646010239049847
0.974380913069371 0.641105472988161
0.980667241540786 0.636121528104958
0.986953570012201 0.631058404400238
0.993239898483616 0.625916101874002
0.999526226955032 0.620694620526248
1.00581255542645 0.615393960356977
1.01209888389786 0.61001412136619
1.01838521236928 0.604555103553885
1.02467154084069 0.599016906920064
1.03095786931211 0.593399531464725
1.03724419778352 0.58770297718787
1.04353052625494 0.581927244089497
1.04981685472635 0.576072332169608
1.05610318319777 0.570138241428201
1.06238951166918 0.564124971865278
1.0686758401406 0.558032523480838
1.07496216861202 0.551860896274881
1.08124849708343 0.545610090247406
1.08753482555485 0.539280105398415
1.09382115402626 0.532870941727907
1.10010748249768 0.526382599235882
1.10639381096909 0.51981507792234
1.11268013944051 0.51316837778728
1.11896646791192 0.506442498830704
1.12525279638334 0.499637441052611
1.13153912485475 0.492753204453001
1.13782545332617 0.485789789031874
1.14411178179758 0.47874719478923
1.150398110269 0.471625421725069
1.15668443874041 0.464424469839391
1.16297076721183 0.457144339132196
1.16925709568324 0.449785029603485
1.17554342415466 0.442346541253256
1.18182975262608 0.43482887408151
1.18811608109749 0.427232028088247
1.19440240956891 0.419556003273467
1.20068873804032 0.411800799637171
1.20697506651174 0.403966417179357
1.21326139498315 0.396052855900026
1.21954772345457 0.388060115799179
1.22583405192598 0.379988196876814
1.2321203803974 0.371837099132933
1.23840670886881 0.363606822567534
1.24469303734023 0.355297367180619
1.25097936581164 0.346908732972186
1.25726569428306 0.338440919942237
1.26355202275447 0.32989392809077
1.26983835122589 0.321267757417787
1.2761246796973 0.312562407923286
1.28241100816872 0.303777879607269
1.28869733664014 0.294914172469735
1.29498366511155 0.285971286510684
1.30126999358297 0.276949221730115
1.30755632205438 0.26784797812803
1.3138426505258 0.258667555704428
1.32012897899721 0.249407954459309
1.32641530746863 0.240092578762288
1.33270163594004 0.23082529759257
1.33898796441146 0.22161849012086
1.34527429288287 0.212472156347158
1.35156062135429 0.203386296271464
1.3578469498257 0.194360909893778
1.36413327829712 0.185395997214101
1.37041960676853 0.176491558232431
1.37670593523995 0.16764759294877
1.38299226371136 0.158864101363116
1.38927859218278 0.150141083475471
1.3955649206542 0.141478539285834
1.40185124912561 0.132876468794205
1.40813757759703 0.124334872000584
1.41442390606844 0.115853748904971
1.42071023453986 0.107433099507367
1.42699656301127 0.0990729238077701
1.43328289148269 0.0907732218061817
1.4395692199541 0.0825339935026011
1.44585554842552 0.0743552388970289
1.45214187689693 0.0662369579894646
1.45842820536835 0.0581791507799086
1.46471453383976 0.0501818172683607
1.47100086231118 0.0422449574548207
1.47728719078259 0.034368571339289
1.48357351925401 0.0265526589217652
1.48985984772542 0.0187972202022497
1.49614617619684 0.011102255180742
1.50243250466826 0.00346776385724278
1.50871883313967 -0.00410625376824864
1.51500516161109 -0.0116197976957317
1.5212914900825 -0.0190728679252069
1.52757781855392 -0.0264654644566738
1.53386414702533 -0.0337975872901328
1.54015047549675 -0.0410692364255835
1.54643680396816 -0.048280411863026
1.55272313243958 -0.0554311136024607
1.55900946091099 -0.062521341643887
1.56529578938241 -0.0695510959873056
1.57158211785382 -0.0765203766327157
1.57786844632524 -0.083429183580118
1.58415477479665 -0.090277516829512
1.59044110326807 -0.097065376380898
1.59672743173948 -0.103792762234276
1.6030137602109 -0.110459674389646
1.60930008868232 -0.117066112847007
1.61558641715373 -0.123612077606361
1.62187274562515 -0.130097568667706
1.62815907409656 -0.136522586031043
1.63444540256798 -0.142887129696373
1.64073173103939 -0.149191199663694
1.64701805951081 -0.155434795933007
1.65330438798222 -0.161617918504312
1.65959071645364 -0.167740567377609
1.66587704492505 -0.173802742552897
1.67216337339647 -0.179804444030178
1.67844970186788 -0.18574567180945
1.6847360303393 -0.191626425890715
1.69102235881071 -0.197446706273971
1.69730868728213 -0.203206512959219
1.70359501575354 -0.20890584594646
1.70988134422496 -0.214544705235692
1.71616767269638 -0.220123090826916
1.72245400116779 -0.225641002720131
1.72874032963921 -0.231098440915339
1.73502665811062 -0.236495405412539
1.74131298658204 -0.24183189621173
1.74759931505345 -0.247107913312913
1.75388564352487 -0.252323456716089
1.76017197199628 -0.257478526421256
1.7664583004677 -0.262573122428415
1.77274462893911 -0.267607244737566
1.77903095741053 -0.272580893348709
1.78531728588194 -0.277494068261844
1.79160361435336 -0.28234676947697
1.79788994282477 -0.287138996994089
1.80417627129619 -0.291870750813199
1.8104625997676 -0.296542030934302
1.81674892823902 -0.301152837357396
1.82303525671044 -0.305703170082482
1.82932158518185 -0.31019302910956
1.83560791365327 -0.31462241443863
1.84189424212468 -0.318991326069692
1.8481805705961 -0.323299764002746
1.85446689906751 -0.327547728237791
1.86075322753893 -0.331735218774829
1.86703955601034 -0.335862235613858
1.87332588448176 -0.33992877875488
1.87961221295317 -0.343934848197893
1.88589854142459 -0.347880443942898
1.892184869896 -0.351765565989895
1.89847119836742 -0.355590214338884
1.90475752683883 -0.359354388989865
1.91104385531025 -0.363058089942838
1.91733018378166 -0.366701317197802
1.92361651225308 -0.370284070754759
1.9299028407245 -0.373806350613707
1.93618916919591 -0.377268156774647
1.94247549766733 -0.38066948923758
1.94876182613874 -0.384010348002504
1.95504815461016 -0.38729073306942
1.96133448308157 -0.390510644438328
1.96762081155299 -0.393670082109227
1.9739071400244 -0.396769046082119
1.98019346849582 -0.399807536357003
1.98647979696723 -0.402791684016751
1.99276612543865 -0.405787679731559
1.99905245391006 -0.408813541377625
2.00533878238148 -0.411869268954949
2.01162511085289 -0.414954862463529
2.01791143932431 -0.418070321903368
2.02419776779572 -0.421215647274463
2.03048409626714 -0.424390838576816
2.03677042473856 -0.427595895810427
2.04305675320997 -0.430830818975295
2.04934308168139 -0.43409560807142
2.0556294101528 -0.437390263098803
2.06191573862422 -0.440714784057443
2.06820206709563 -0.444069170947341
2.07448839556705 -0.447453423768496
2.08077472403846 -0.450867542520908
2.08706105250988 -0.454311527204578
2.09334738098129 -0.457785377819506
2.09963370945271 -0.46128909436569
2.10592003792412 -0.464822676843133
2.11220636639554 -0.468386125251832
2.11849269486695 -0.47197943959179
2.12477902333837 -0.475602619863004
2.13106535180978 -0.479255666065476
2.1373516802812 -0.482938578199205
2.14363800875262 -0.486651356264192
2.14992433722403 -0.490394000260436
2.15621066569545 -0.494166510187938
2.16249699416686 -0.497968886046697
2.16878332263828 -0.501801127836714
2.17506965110969 -0.505663235557988
2.18135597958111 -0.509555209210519
2.18764230805252 -0.513477048794308
2.19392863652394 -0.517428754309354
2.20021496499535 -0.521410325755658
2.20650129346677 -0.525421763133219
2.21278762193818 -0.529463066442037
2.2190739504096 -0.533534235682113
2.22536027888101 -0.537635270853447
2.23164660735243 -0.541766171956037
2.23793293582384 -0.545926938989885
2.24421926429526 -0.550117571954991
2.25050559276668 -0.554338070851354
2.25679192123809 -0.558588435678975
2.26307824970951 -0.562868666437853
2.26936457818092 -0.567178763127988
2.27565090665234 -0.571518725749381
2.28193723512375 -0.575888554302031
2.28822356359517 -0.580288248785939
2.29450989206658 -0.584717809201104
2.300796220538 -0.589177235547526
2.30708254900941 -0.593666527825206
2.31336887748083 -0.598185686034144
2.31965520595224 -0.602734710174338
2.32594153442366 -0.607313600245791
2.33222786289507 -0.6119223562485
2.33851419136649 -0.616560978182467
2.3448005198379 -0.621229466047692
2.35108684830932 -0.625927819844174
2.35737317678074 -0.630656039571913
2.36365950525215 -0.63541412523091
2.36994583372357 -0.640202076821164
2.37623216219498 -0.645019894342676
2.3825184906664 -0.649867577795445
2.38880481913781 -0.654745127179472
2.39509114760923 -0.659652542494755
2.40137747608064 -0.664589823741297
2.40766380455206 -0.669556970919096
2.41395013302347 -0.674553984028152
2.42023646149489 -0.679580863068465
2.4265227899663 -0.684637608040036
2.43280911843772 -0.689724218942865
2.43909544690913 -0.694840695776951
2.44538177538055 -0.699987038542294
2.45166810385196 -0.705163247238895
2.45795443232338 -0.710369321866753
2.4642407607948 -0.715605262425869
2.47052708926621 -0.720871068916242
2.47681341773763 -0.726166741337873
2.48309974620904 -0.731492279690761
2.48938607468046 -0.736847683974906
2.49567240315187 -0.742232954190309
2.50195873162329 -0.747648090336969
2.5082450600947 -0.753093092414887
2.51453138856612 -0.758567960424062
2.52081771703753 -0.764072694364494
2.52710404550895 -0.769607294236184
2.53339037398036 -0.775171760039132
2.53967670245178 -0.780766091773336
2.54596303092319 -0.786390289438799
2.55224935939461 -0.792044353035518
2.55853568786602 -0.797728282563495
2.56482201633744 -0.80344207802273
2.57110834480886 -0.809185739413222
2.57739467328027 -0.814959266734971
2.58368100175169 -0.820762659987978
2.5899673302231 -0.826595919172242
2.59625365869452 -0.832459044287764
2.60253998716593 -0.838352035334543
2.60882631563735 -0.84427489231258
2.61511264410876 -0.850227615221873
2.62139897258018 -0.856210204062425
2.62768530105159 -0.862222658834234
2.63397162952301 -0.8682649795373
2.64025795799442 -0.874337166171623
2.64654428646584 -0.880437638817828
2.65283061493725 -0.886486172680907
2.65911694340867 -0.89243782783193
2.66540327188008 -0.898292604270897
2.6716896003515 -0.904050501997806
2.67797592882292 -0.909711521012659
2.68426225729433 -0.915275661315456
2.69054858576575 -0.920742922906196
2.69683491423716 -0.92611330578488
2.70312124270858 -0.931386809951507
2.70940757117999 -0.936563435406078
2.71569389965141 -0.941643182148592
2.72198022812282 -0.94662605017905
2.72826655659424 -0.95151203949745
2.73455288506565 -0.956301150103795
2.74083921353707 -0.960993381998083
2.74712554200848 -0.965588735180315
2.7534118704799 -0.97008720965049
2.75969819895131 -0.974488805408608
2.76598452742273 -0.97879352245467
2.77227085589414 -0.983001360788675
2.77855718436556 -0.987112320410624
2.78484351283698 -0.991126401320517
2.79112984130839 -0.995043603518352
2.79741616977981 -0.998863927004132
2.80370249825122 -1.00258737177785
2.80998882672264 -1.00621393783952
2.81627515519405 -1.00974362518913
2.82256148366547 -1.01317643382668
2.82884781213688 -1.01651236375218
2.8351341406083 -1.01975141496562
2.84142046907971 -1.022893587467
2.84770679755113 -1.02593888125633
2.85399312602254 -1.0288872963336
2.86027945449396 -1.03173883269882
2.86656578296537 -1.03449349035197
2.87285211143679 -1.03715126929307
2.8791384399082 -1.03971216952212
2.88542476837962 -1.04217619103911
2.89171109685104 -1.04454333384404
2.89799742532245 -1.04681359793691
2.90428375379387 -1.04898698331773
2.91057008226528 -1.05106348998649
2.9168564107367 -1.0530431179432
2.92314273920811 -1.05492586718785
2.92942906767953 -1.05671173772044
2.93571539615094 -1.05840072954098
2.94200172462236 -1.05999284264946
2.94828805309377 -1.06148807704588
2.95457438156519 -1.06288643273024
2.9608607100366 -1.06418790970255
2.96714703850802 -1.06539250796281
2.97343336697943 -1.066500227511
2.97971969545085 -1.06751106834714
2.98600602392226 -1.06842503047123
2.99229235239368 -1.06924211388326
2.9985786808651 -1.06996231858323
3.00486500933651 -1.07058564457114
3.01115133780793 -1.071112091847
3.01743766627934 -1.0715416604108
3.02372399475076 -1.07187435026254
3.03001032322217 -1.07211016140223
3.03629665169359 -1.07224909382986
3.042582980165 -1.07229114754544
3.04886930863642 -1.07223632254896
3.05515563710783 -1.07208461884042
3.06144196557925 -1.07183603641982
3.06772829405066 -1.07149057528717
3.07401462252208 -1.07104823544246
3.08030095099349 -1.0705090168857
3.08658727946491 -1.06987291961688
3.09287360793632 -1.069139943636
3.09915993640774 -1.06831008894307
3.10544626487916 -1.06738335553808
3.11173259335057 -1.06635974342103
3.11801892182199 -1.06523925259193
3.1243052502934 -1.06402188305077
3.13059157876482 -1.06270763479755
3.13687790723623 -1.06129650783228
3.14316423570765 -1.05978850215495
3.14945056417906 -1.05818361776556
3.15573689265048 -1.05648185466412
3.16202322112189 -1.05468321285062
3.16830954959331 -1.05278769232507
3.17459587806472 -1.05079529308745
3.18088220653614 -1.04870601513779
3.18716853500755 -1.04651985847606
3.19345486347897 -1.04423682310228
3.19974119195038 -1.04185690901644
3.2060275204218 -1.03938011621855
3.21231384889322 -1.03680644470859
3.21860017736463 -1.03413589448659
3.22488650583605 -1.03136846555252
3.23117283430746 -1.0285041579064
3.23745916277888 -1.02554297154822
3.24374549125029 -1.02248490647799
3.25003181972171 -1.0193299626957
3.25631814819312 -1.01607814020135
3.26260447666454 -1.01272943899495
3.26889080513595 -1.00928385907649
3.27517713360737 -1.00574140044597
3.28146346207878 -1.0021020631034
3.2877497905502 -0.998365847048772
3.29403611902161 -0.994532752282086
3.30032244749303 -0.990602778803343
3.30660877596444 -0.986575926612545
3.31289510443586 -0.982505417956026
3.31918143290728 -0.978456466512171
3.32546776137869 -0.974429236547171
3.33175408985011 -0.970423728061027
3.33804041832152 -0.966439941053738
3.34432674679294 -0.962477875525305
3.35061307526435 -0.958537531475727
3.35689940373577 -0.954618908905004
3.36318573220718 -0.950722007813137
3.3694720606786 -0.946846828200126
3.37575838915001 -0.94299337006597
3.38204471762143 -0.939161633410669
3.38833104609284 -0.935351618234224
3.39461737456426 -0.931563324536634
3.40090370303567 -0.9277967523179
3.40719003150709 -0.924051901578021
3.4134763599785 -0.920328772316998
3.41976268844992 -0.91662736453483
3.42604901692134 -0.912947678231518
3.43233534539275 -0.909289713407061
3.43862167386417 -0.90565347006146
3.44490800233558 -0.902038948194714
3.451194330807 -0.898446147806823
3.45748065927841 -0.894875068897788
3.46376698774983 -0.891325711467609
3.47005331622124 -0.887798075516285
3.47633964469266 -0.884292161043816
3.48262597316407 -0.880807968050203
3.48891230163549 -0.877345496535445
3.4951986301069 -0.873904746499543
3.50148495857832 -0.870485717942496
3.50777128704973 -0.867088410864305
3.51405761552115 -0.863712825264969
3.52034394399256 -0.860358961144489
3.52663027246398 -0.857026818502864
3.53291660093539 -0.853716397340094
3.53920292940681 -0.85042769765618
3.54548925787823 -0.847160719451122
3.55177558634964 -0.843915462724919
3.55806191482106 -0.840691927477571
3.56434824329247 -0.837490113709079
3.57063457176389 -0.834310021419442
3.5769209002353 -0.831151650608661
3.58320722870672 -0.828015001276735
3.58949355717813 -0.824900073423665
3.59577988564955 -0.82180686704945
3.60206621412096 -0.818735382154091
3.60835254259238 -0.815685618737587
3.61463887106379 -0.812657576799939
3.62092519953521 -0.809651256341146
3.62721152800662 -0.806666657361208
3.63349785647804 -0.803703779860126
3.63978418494946 -0.8007626238379
3.64607051342087 -0.797843189294529
3.65235684189229 -0.794945476230013
3.6586431703637 -0.792069484644353
3.66492949883512 -0.789215214537548
3.67121582730653 -0.786382665909599
3.67750215577795 -0.783571838760505
3.68378848424936 -0.780782733090267
3.69007481272078 -0.778015348898884
3.69636114119219 -0.775269686186357
3.70264746966361 -0.772545744952685
3.70893379813502 -0.769843525197868
3.71522012660644 -0.767163026921907
3.72150645507785 -0.764504250124802
3.72779278354927 -0.761867194806552
3.73407911202068 -0.759251860967157
3.7403654404921 -0.756658248606618
3.74665176896352 -0.754086357724934
3.75293809743493 -0.751536188322106
3.75922442590635 -0.749007740398134
3.76551075437776 -0.746501013953016
3.77179708284918 -0.744016008986755
3.77808341132059 -0.741552725499348
3.78436973979201 -0.739111163490797
3.79065606826342 -0.736691322961102
3.79694239673484 -0.734293203910262
3.80322872520625 -0.731916806338278
3.80951505367767 -0.729562130245149
3.81580138214908 -0.727229175630875
3.8220877106205 -0.724917942495457
3.82837403909191 -0.722628430838894
3.83466036756333 -0.720360640661187
3.84094669603474 -0.718114571962336
3.84723302450616 -0.715890224742339
3.85351935297758 -0.713687599001199
3.85980568144899 -0.711506694738913
3.86609200992041 -0.709347511955483
3.87237833839182 -0.707210050650909
3.87866466686324 -0.70509431082519
3.88495099533465 -0.703000292478327
3.89123732380607 -0.700927995610319
3.89752365227748 -0.698877420221166
3.9038099807489 -0.696848566310869
3.91009630922031 -0.694841433879428
3.91638263769173 -0.692856022926842
3.92266896616314 -0.690892333453111
3.92895529463456 -0.688950365458236
3.93524162310597 -0.687030118942216
3.94152795157739 -0.685131593905052
3.9478142800488 -0.683254790346743
3.95410060852022 -0.68139970826729
3.96038693699164 -0.679566347666692
3.96667326546305 -0.67775470854495
3.97295959393447 -0.675938988014731
3.97924592240588 -0.674053230736478
3.9855322508773 -0.672094145525583
3.99181857934871 -0.670061732382045
3.99810490782013 -0.667955991305864
4.00439123629154 -0.665776922297041
4.01067756476296 -0.663524525355576
4.01696389323437 -0.661198800481467
4.02325022170579 -0.658799747674717
4.0295365501772 -0.656327366935323
4.03582287864862 -0.653781658263287
4.04210920712003 -0.651162621658609
4.04839553559145 -0.648470257121287
4.05468186406286 -0.645704564651324
4.06096819253428 -0.642865544248717
4.06725452100569 -0.639953195913469
4.07354084947711 -0.636967519645577
4.07982717794853 -0.633908515445043
4.08611350641994 -0.630776183311867
4.09239983489136 -0.627570523246047
4.09868616336277 -0.624291535247586
4.10497249183419 -0.620939219316481
4.1112588203056 -0.617513575452734
4.11754514877702 -0.614014603656345
4.12383147724843 -0.610442303927312
4.13011780571985 -0.606796676265637
4.13640413419126 -0.60307772067132
4.14269046266268 -0.59928543714436
4.14897679113409 -0.595419825684758
4.15526311960551 -0.591480886292513
4.16154944807692 -0.587468618967625
4.16783577654834 -0.583383023710095
4.17412210501976 -0.579224100519922
4.18040843349117 -0.574991849397107
4.18669476196259 -0.570686270341649
4.192981090434 -0.566307363353548
4.19926741890542 -0.561855128432805
4.20555374737683 -0.557329565579419
4.21184007584825 -0.552730674793391
4.21812640431966 -0.54805845607472
4.22441273279108 -0.543312909423406
4.23069906126249 -0.538494034839451
4.23698538973391 -0.533601832322852
4.24327171820532 -0.52863630187361
4.24955804667674 -0.523597443491727
4.25584437514815 -0.5184852571772
4.26213070361957 -0.513299742930032
4.26841703209098 -0.50804090075022
4.2747033605624 -0.502708730637765
4.28098968903381 -0.497303232592669
4.28727601750523 -0.49182440661493
4.29356234597665 -0.486272252704547
4.29984867444806 -0.480646770861523
4.30613500291948 -0.474947961085856
4.31242133139089 -0.469175823377547
4.31870765986231 -0.463330357736594
4.32499398833372 -0.457411564162999
4.33128031680514 -0.451419442656762
4.33756664527655 -0.445353993217882
4.34385297374797 -0.43921521584636
4.35013930221938 -0.433003110542194
4.3564256306908 -0.426717677305386
4.36271195916221 -0.420358916135937
4.36899828763363 -0.413926827033843
4.37528461610504 -0.407421409999108
4.38157094457646 -0.40084266503173
4.38785727304788 -0.394190592131709
4.39414360151929 -0.387465191299046
4.40042992999071 -0.38066646253374
4.40671625846212 -0.373794405835791
4.41300258693354 -0.366849021205201
4.41928891540495 -0.359830308641967
4.42557524387637 -0.352738268146092
4.43186157234778 -0.345572899717572
4.4381479008192 -0.338334203356411
4.44443422929061 -0.331022179062607
4.45072055776203 -0.323636826836161
4.45700688623344 -0.316178146677071
4.46329321470486 -0.30864613858534
4.46957954317627 -0.301040802560965
4.47586587164769 -0.293362138603949
4.4821522001191 -0.285610146714289
4.48843852859052 -0.277784826891987
4.49472485706193 -0.269886179137043
4.50101118553335 -0.261914203449455
4.50729751400477 -0.253868899829226
4.51358384247618 -0.245750268276354
4.5198701709476 -0.237558308790838
4.52615649941901 -0.229293021372682
4.53244282789043 -0.220954406021881
4.53872915636184 -0.212542462738439
4.54501548483326 -0.204057191522353
4.55130181330467 -0.195498592373625
4.55758814177609 -0.186866665292256
4.5638744702475 -0.178161410278242
4.57016079871892 -0.169382827331586
4.57644712719033 -0.160530916452289
4.58273345566175 -0.151605677640347
4.58901978413316 -0.142607110895765
4.59530611260458 -0.133535216218538
4.601592441076 -0.124389993608669
4.60787876954741 -0.115171443066159
4.61416509801883 -0.105879564591005
4.62045142649024 -0.0965143581832096
4.62673775496166 -0.0870758238427703
4.63302408343307 -0.0775834025131823
4.63931041190449 -0.0681422696987498
4.6455967403759 -0.0587681725637003
4.65188306884732 -0.0494611111080349
4.65816939731873 -0.040221085331755
4.66445572579015 -0.0310480952348581
4.67074205426156 -0.0219421408173467
4.67702838273298 -0.0129032220792183
4.68331471120439 -0.00393133902047402
4.68960103967581 0.00497350835888472
4.69588736814722 0.0138113200588605
4.70217369661864 0.0225820960794508
4.70846002509006 0.0312858364206581
4.71474635356147 0.0399225410824812
4.72103268203289 0.0484922100649188
4.7273190105043 0.0569948433679735
4.73360533897572 0.0654304409916439
4.73989166744713 0.0737990029359289
4.74617799591855 0.0821005292008308
4.75246432438996 0.0903350197863474
4.75875065286138 0.0985024746924809
4.76503698133279 0.10660289391923
4.77132330980421 0.114636277466594
4.77760963827562 0.122602625334575
4.78389596674704 0.13050193752317
4.79018229521845 0.138334214032383
4.79646862368987 0.146099454862211
4.80275495216128 0.153797660012654
4.8090412806327 0.161428829483713
4.81532760910412 0.168992963275389
4.82161393757553 0.176490061387679
4.82790026604695 0.183920123820586
4.83418659451836 0.191283150574108
4.84047292298978 0.198579141648246
4.84675925146119 0.205808097043
4.85304557993261 0.212970016758369
4.85933190840402 0.220064900794355
4.86561823687544 0.227092749150956
4.87190456534685 0.234053561828173
4.87819089381827 0.240947338826006
4.88447722228968 0.247774080144454
4.8907635507611 0.254533785783519
4.89704987923251 0.2612264557432
4.90333620770393 0.267852090023495
4.90962253617534 0.274410688624407
4.91590886464676 0.280902251545934
4.92219519311818 0.287326778788077
4.92848152158959 0.293684270350837
4.93476785006101 0.299974726234211
4.94105417853242 0.306198146438202
4.94734050700384 0.312354530962807
4.95362683547525 0.31844387980803
4.95991316394667 0.324466192973868
4.96619949241808 0.330421470460321
4.9724858208895 0.336309712267391
4.97877214936091 0.342130918395076
4.98505847783233 0.347885088843377
4.99134480630374 0.353572223612294
4.99763113477516 0.359192322701826
5.00391746324657 0.364745386111975
5.01020379171799 0.370231413842739
5.0164901201894 0.375650405894118
5.02277644866082 0.381002362266114
5.02906277713223 0.386287282958725
5.03534910560365 0.391505167971953
5.04163543407507 0.396656017305796
5.04792176254648 0.401739830960254
5.0542080910179 0.406756608935329
5.06049441948931 0.411706351231019
5.06678074796073 0.416589057847325
5.07306707643214 0.421404728784247
5.07935340490356 0.426153364041784
5.08563973337497 0.430834963619938
5.09192606184639 0.435449527518707
5.0982123903178 0.439997055738092
5.10449871878922 0.444477548278093
5.11078504726063 0.448891005138709
5.11707137573205 0.453237426319941
5.12335770420346 0.45751681182179
5.12964403267488 0.461729161644253
5.1359303611463 0.465874475787333
5.14221668961771 0.469952754251028
5.14850301808913 0.473963997035339
5.15478934656054 0.477908204140266
5.16107567503196 0.481785375565808
5.16736200350337 0.485595511311967
5.17364833197479 0.489338611378742
5.1799346604462 0.493014675766131
5.18622098891762 0.496623704474137
5.19250731738903 0.500165697502758
5.19879364586045 0.503640654851996
5.20507997433186 0.507048576521849
5.21136630280328 0.510389462512318
5.21765263127469 0.513663312823403
5.22393895974611 0.516870127455103
5.23022528821752 0.520009906407419
5.23651161668894 0.523082649680351
5.24279794516035 0.526088357273899
5.24908427363177 0.529027029188063
5.25537060210319 0.531898665422842
5.2616569305746 0.534703265978237
5.26794325904602 0.537440830854248
5.27422958751743 0.540111360050874
5.28051591598885 0.542714853568117
5.28680224446026 0.545251311405975
5.29308857293168 0.547725340559683
5.29937490140309 0.550203102599689
5.30566122987451 0.552706224809174
5.31194755834592 0.55523470718814
5.31823388681734 0.557788549736586
5.32452021528875 0.560367752454512
5.33080654376017 0.562972315341919
5.33709287223158 0.565602238398806
5.343379200703 0.568257521625173
5.34966552917442 0.57093816502102
5.35595185764583 0.573644168586347
5.36223818611725 0.576375532321155
5.36852451458866 0.579132256225443
5.37481084306008 0.58191434029921
5.38109717153149 0.584721784542459
5.38738350000291 0.587554588955187
5.39366982847432 0.590412753537396
5.39995615694574 0.593296278289085
5.40624248541715 0.596205163210254
5.41252881388857 0.599139408300903
5.41881514235998 0.602099013561032
5.4251014708314 0.605083978990642
5.43138779930281 0.608094304589732
5.43767412777423 0.611129990358302
5.44396045624564 0.614191036296352
5.45024678471706 0.617277442403883
5.45653311318847 0.620389208680893
5.46281944165989 0.623526335127384
5.46910577013131 0.626688821743355
5.47539209860272 0.629876668528807
5.48167842707414 0.633089875483739
5.48796475554555 0.63632844260815
5.49425108401697 0.639592369902042
5.50053741248838 0.642881657365414
5.5068237409598 0.646196304998267
5.51311006943121 0.649536312800599
5.51939639790263 0.652901680772412
5.52568272637404 0.656292408913705
5.53196905484546 0.659708497224479
5.53825538331687 0.663149945704732
5.54454171178829 0.666616754354466
5.5508280402597 0.670108923173679
5.55711436873112 0.673626452162373
5.56340069720254 0.677169341320548
5.56968702567395 0.680737590648202
5.57597335414537 0.684331200145337
5.58225968261678 0.687950169811952
5.5885460110882 0.691594499648047
5.59483233955961 0.695264189653623
5.60111866803103 0.698959239828678
5.60740499650244 0.702679650173214
5.61369132497386 0.70642542068723
5.61997765344527 0.710196551370726
5.62626398191669 0.713993042223703
5.6325503103881 0.717814893246159
5.63883663885952 0.721662104438096
5.64512296733093 0.725534675799513
5.65140929580235 0.72943260733041
5.65769562427376 0.733355899030788
5.66398195274518 0.737304550900645
5.6702682812166 0.741278562939983
5.67655460968801 0.745277935148801
5.68284093815943 0.749302667527099
5.68912726663084 0.753352760074878
5.69541359510226 0.757428212792137
5.70169992357367 0.761529025678876
5.70798625204509 0.765655198735095
5.7142725805165 0.769806731960794
5.72055890898792 0.773983625355974
5.72684523745933 0.778185878920634
5.73313156593075 0.782413492654773
5.73941789440216 0.786666466558394
5.74570422287358 0.790944800631494
5.75199055134499 0.795248494874075
5.75827687981641 0.799577549286136
5.76456320828782 0.803931963867677
5.77084953675924 0.808311738618698
5.77713586523066 0.8127168735392
5.78342219370207 0.817147368629181
5.78970852217349 0.821603223888643
5.7959948506449 0.826084439317585
5.80228117911632 0.830591014916007
5.80856750758773 0.83512295068391
5.81485383605915 0.839680246621292
5.82114016453056 0.844262902728156
5.82742649300198 0.848870919004498
5.83371282147339 0.853504295450322
5.83999914994481 0.858163032065626
5.84628547841622 0.862847128850409
5.85257180688764 0.867556585804673
5.85885813535905 0.872291402928417
5.86514446383047 0.877051580221642
5.87143079230188 0.881837117684347
5.8777171207733 0.886648015316531
5.88400344924472 0.891484273118196
5.89028977771613 0.896345891089342
5.89657610618755 0.901232869229967
5.90286243465896 0.906145207540073
5.90914876313038 0.911082906019658
5.91543509160179 0.916045964668725
5.92172142007321 0.921034383487271
5.92800774854462 0.926048162475297
5.93429407701604 0.931087301632804
5.94058040548745 0.936151800959791
5.94686673395887 0.941241660456258
5.95315306243028 0.946356199854846
5.9594393909017 0.951422460481212
5.96572571937311 0.95639129301861
5.97201204784453 0.96126269746704
5.97829837631594 0.9660366738265
5.98458470478736 0.970713222096992
5.99087103325877 0.975292342278516
5.99715736173019 0.979774034371071
6.00344369020161 0.984158298374657
6.00973001867302 0.988445134289275
6.01601634714444 0.992634542114924
6.02230267561585 0.996726521851604
6.02858900408727 1.00072107349932
6.03487533255868 1.00461819705806
6.0411616610301 1.00841789252783
6.04744798950151 1.01212015990864
6.05373431797293 1.01572499920048
6.06002064644434 1.01923241040335
6.06630697491576 1.02264239351725
6.07259330338717 1.02595494854218
6.07887963185859 1.02917007547814
6.08516596033 1.03228777432514
6.09145228880142 1.03530804508316
6.09773861727284 1.03823088775222
6.10402494574425 1.04105630233231
6.11031127421567 1.04378428882343
6.11659760268708 1.04641484722558
6.1228839311585 1.04894797753877
6.12917025962991 1.05138367976298
6.13545658810133 1.05372195389823
6.14174291657274 1.0559627999445
6.14802924504416 1.05810621790181
6.15431557351557 1.06015220777015
6.16060190198699 1.06210076954953
6.1668882304584 1.06395190323993
6.17317455892982 1.06570560884136
6.17946088740123 1.06736188635383
6.18574721587265 1.06892073577733
6.19203354434406 1.07038215711186
6.19831987281548 1.07174615035742
6.20460620128689 1.07301271551401
6.21089252975831 1.07418185258163
6.21717885822973 1.07525356156028
6.22346518670114 1.07622784244997
6.22975151517256 1.07710469525069
6.23603784364397 1.07788411996244
6.24232417211539 1.07856611658522
6.2486105005868 1.07915068511903
6.25489682905822 1.07963782556387
6.26118315752963 1.08002753791975
6.26746948600105 1.08031982218665
6.27375581447246 1.08051467836459
6.28004214294388 1.08061210645356
6.28632847141529 1.08061210645356
6.29261479988671 1.08051467836459
6.29890112835812 1.08031982218665
6.30518745682954 1.08002753791975
6.31147378530096 1.07963782556387
6.31776011377237 1.07915068511903
6.32404644224379 1.07856611658522
6.3303327707152 1.07788411996244
6.33661909918662 1.07710469525069
6.34290542765803 1.07622784244997
6.34919175612945 1.07525356156029
6.35547808460086 1.07418185258163
6.36176441307228 1.07301271551401
6.36805074154369 1.07174615035742
6.37433707001511 1.07038215711186
6.38062339848652 1.06892073577733
6.38690972695794 1.06736188635383
6.39319605542935 1.06570560884136
6.39948238390077 1.06395190323993
6.40576871237218 1.06210076954953
6.4120550408436 1.06015220777015
6.41834136931501 1.05810621790181
6.42462769778643 1.0559627999445
6.43091402625785 1.05372195389823
6.43720035472926 1.05138367976298
6.44348668320068 1.04894797753877
6.44977301167209 1.04641484722558
6.45605934014351 1.04378428882343
6.46234566861492 1.04105630233231
6.46863199708634 1.03823088775222
6.47491832555775 1.03530804508316
6.48120465402917 1.03228777432514
6.48749098250058 1.02917007547814
6.493777310972 1.02595494854218
6.50006363944341 1.02264239351725
6.50634996791483 1.01923241040335
6.51263629638624 1.01572499920048
6.51892262485766 1.01212015990864
6.52520895332908 1.00841789252783
6.53149528180049 1.00461819705806
6.53778161027191 1.00072107349932
6.54406793874332 0.996726521851605
6.55035426721474 0.992634542114924
6.55664059568615 0.988445134289275
6.56292692415757 0.984158298374658
6.56921325262898 0.979774034371071
6.5754995811004 0.975292342278516
6.58178590957181 0.970713222096993
6.58807223804323 0.9660366738265
6.59435856651464 0.96126269746704
6.60064489498606 0.95639129301861
6.60693122345747 0.951422460481212
6.61321755192889 0.946356199854846
6.6195038804003 0.941241660456258
6.62579020887172 0.936151800959792
6.63207653734314 0.931087301632805
6.63836286581455 0.926048162475298
6.64464919428597 0.921034383487271
6.65093552275738 0.916045964668725
6.6572218512288 0.911082906019659
6.66350817970021 0.906145207540073
6.66979450817163 0.901232869229967
6.67608083664304 0.896345891089342
6.68236716511446 0.891484273118197
6.68865349358587 0.886648015316531
6.69493982205729 0.881837117684347
6.7012261505287 0.877051580221642
6.70751247900012 0.872291402928418
6.71379880747153 0.867556585804674
6.72008513594295 0.862847128850409
6.72637146441436 0.858163032065626
6.73265779288578 0.853504295450322
6.73894412135719 0.848870919004499
6.74523044982861 0.844262902728156
6.75151677830003 0.839680246621293
6.75780310677144 0.83512295068391
6.76408943524286 0.830591014916008
6.77037576371427 0.826084439317585
6.77666209218569 0.821603223888643
6.7829484206571 0.817147368629181
6.78923474912852 0.8127168735392
6.79552107759993 0.808311738618698
6.80180740607135 0.803931963867677
6.80809373454276 0.799577549286136
6.81438006301418 0.795248494874075
6.82066639148559 0.790944800631495
6.82695271995701 0.786666466558394
6.83323904842842 0.782413492654774
6.83952537689984 0.778185878920634
6.84581170537126 0.773983625355974
6.85209803384267 0.769806731960794
6.85838436231409 0.765655198735095
6.8646706907855 0.761529025678876
6.87095701925692 0.757428212792137
6.87724334772833 0.753352760074878
6.88352967619975 0.7493026675271
6.88981600467116 0.745277935148802
6.89610233314258 0.741278562939983
6.90238866161399 0.737304550900646
6.90867499008541 0.733355899030788
6.91496131855682 0.72943260733041
6.92124764702824 0.725534675799513
6.92753397549965 0.721662104438096
6.93382030397107 0.717814893246159
6.94010663244248 0.713993042223703
6.9463929609139 0.710196551370726
6.95267928938531 0.70642542068723
6.95896561785673 0.702679650173214
6.96525194632815 0.698959239828678
6.97153827479956 0.695264189653623
6.97782460327098 0.691594499648047
6.98411093174239 0.687950169811953
6.99039726021381 0.684331200145337
6.99668358868522 0.680737590648203
7.00296991715664 0.677169341320548
7.00925624562805 0.673626452162374
7.01554257409947 0.67010892317368
7.02182890257088 0.666616754354466
7.0281152310423 0.663149945704732
7.03440155951371 0.659708497224479
7.04068788798513 0.656292408913706
7.04697421645654 0.652901680772412
7.05326054492796 0.6495363128006
7.05954687339938 0.646196304998267
7.06583320187079 0.642881657365415
7.07211953034221 0.639592369902043
7.07840585881362 0.63632844260815
7.08469218728504 0.633089875483739
7.09097851575645 0.629876668528807
7.09726484422787 0.626688821743356
7.10355117269928 0.623526335127385
7.1098375011707 0.620389208680894
7.11612382964211 0.617277442403883
7.12241015811353 0.614191036296353
7.12869648658494 0.611129990358302
7.13498281505636 0.608094304589732
7.14126914352777 0.605083978990642
7.14755547199919 0.602099013561033
7.1538418004706 0.599139408300903
7.16012812894202 0.596205163210254
7.16641445741343 0.593296278289085
7.17270078588485 0.590412753537396
7.17898711435627 0.587554588955188
7.18527344282768 0.584721784542459
7.1915597712991 0.581914340299211
7.19784609977051 0.579132256225443
7.20413242824193 0.576375532321155
7.21041875671334 0.573644168586347
7.21670508518476 0.57093816502102
7.22299141365617 0.568257521625173
7.22927774212759 0.565602238398806
7.235564070599 0.562972315341919
7.24185039907042 0.560367752454513
7.24813672754183 0.557788549736587
7.25442305601325 0.555234707188141
7.26070938448466 0.552706224809175
7.26699571295608 0.550203102599689
7.2732820414275 0.547725340559684
7.27956836989891 0.545251311405976
7.28585469837033 0.542714853568117
7.29214102684174 0.540111360050875
7.29842735531316 0.537440830854248
7.30471368378457 0.534703265978237
7.31100001225599 0.531898665422842
7.3172863407274 0.529027029188063
7.32357266919882 0.526088357273899
7.32985899767023 0.523082649680352
7.33614532614165 0.52000990640742
7.34243165461306 0.516870127455104
7.34871798308448 0.513663312823403
7.35500431155589 0.510389462512318
7.36129064002731 0.50704857652185
7.36757696849872 0.503640654851996
7.37386329697014 0.500165697502759
7.38014962544155 0.496623704474138
7.38643595391297 0.493014675766132
7.39272228238439 0.489338611378742
7.3990086108558 0.485595511311968
7.40529493932722 0.481785375565809
7.41158126779863 0.477908204140267
7.41786759627005 0.47396399703534
7.42415392474146 0.469952754251029
7.43044025321288 0.465874475787333
7.43672658168429 0.461729161644253
7.44301291015571 0.45751681182179
7.44929923862712 0.453237426319942
7.45558556709854 0.448891005138709
7.46187189556995 0.444477548278093
7.46815822404137 0.439997055738092
7.47444455251278 0.435449527518708
7.4807308809842 0.430834963619938
7.48701720945562 0.426153364041785
7.49330353792703 0.421404728784248
7.49958986639845 0.416589057847325
7.50587619486986 0.41170635123102
7.51216252334128 0.406756608935329
7.51844885181269 0.401739830960255
7.52473518028411 0.396656017305796
7.53102150875552 0.391505167971953
7.53730783722694 0.386287282958726
7.54359416569835 0.381002362266115
7.54988049416977 0.375650405894119
7.55616682264118 0.370231413842739
7.5624531511126 0.364745386111975
7.56873947958401 0.359192322701826
7.57502580805543 0.353572223612294
7.58131213652684 0.347885088843377
7.58759846499826 0.342130918395077
7.59388479346967 0.336309712267391
7.60017112194109 0.330421470460322
7.60645745041251 0.324466192973869
7.61274377888392 0.31844387980803
7.61903010735534 0.312354530962809
7.62531643582675 0.306198146438202
7.63160276429817 0.299974726234211
7.63788909276958 0.293684270350837
7.644175421241 0.287326778788078
7.65046174971241 0.280902251545934
7.65674807818383 0.274410688624407
7.66303440665524 0.267852090023495
7.66932073512666 0.2612264557432
7.67560706359807 0.254533785783519
7.68189339206949 0.247774080144455
7.6881797205409 0.240947338826007
7.69446604901232 0.234053561828174
7.70075237748373 0.227092749150957
7.70703870595515 0.220064900794356
7.71332503442657 0.21297001675837
7.71961136289798 0.205808097043001
7.7258976913694 0.198579141648246
7.73218401984081 0.191283150574108
7.73847034831223 0.183920123820586
7.74475667678364 0.176490061387679
7.75104300525506 0.168992963275389
7.75732933372647 0.161428829483714
7.76361566219789 0.153797660012654
7.7699019906693 0.146099454862211
7.77618831914072 0.138334214032383
7.78247464761213 0.130501937523172
7.78876097608355 0.122602625334575
7.79504730455496 0.114636277466594
7.80133363302638 0.10660289391923
7.8076199614978 0.0985024746924811
7.81390628996921 0.0903350197863476
7.82019261844063 0.0821005292008311
7.82647894691204 0.0737990029359291
7.83276527538346 0.0654304409916441
7.83905160385487 0.0569948433679737
7.84533793232629 0.048492210064919
7.8516242607977 0.0399225410824814
7.85791058926912 0.0312858364206583
7.86419691774053 0.0225820960794522
7.87048324621195 0.0138113200588607
7.87676957468336 0.00497350835888483
7.88305590315478 -0.00393133902047388
7.88934223162619 -0.0129032220792181
7.89562856009761 -0.0219421408173466
7.90191488856902 -0.031048095234858
7.90820121704044 -0.0402210853317549
7.91448754551185 -0.0494611111080348
7.92077387398327 -0.0587681725637002
7.92706020245469 -0.0681422696987498
7.9333465309261 -0.0775834025131823
7.93963285939752 -0.0870758238427702
7.94591918786893 -0.0965143581832082
7.95220551634035 -0.105879564591005
7.95849184481176 -0.115171443066159
7.96477817328318 -0.124389993608669
7.97106450175459 -0.133535216218538
7.97735083022601 -0.142607110895763
7.98363715869742 -0.151605677640347
7.98992348716884 -0.160530916452289
7.99620981564025 -0.169382827331586
8.00249614411167 -0.178161410278242
8.00878247258308 -0.186866665292254
8.0150688010545 -0.195498592373626
8.02135512952592 -0.204057191522353
8.02764145799733 -0.212542462738438
8.03392778646875 -0.220954406021882
8.04021411494016 -0.229293021372681
8.04650044341158 -0.237558308790838
8.05278677188299 -0.245750268276352
8.05907310035441 -0.253868899829226
8.06535942882582 -0.261914203449455
8.07164575729724 -0.269886179137042
8.07793208576865 -0.277784826891988
8.08421841424007 -0.285610146714289
8.09050474271148 -0.293362138603948
8.0967910711829 -0.301040802560966
8.10307739965431 -0.30864613858534
8.10936372812573 -0.316178146677071
8.11565005659715 -0.323636826836161
8.12193638506856 -0.331022179062607
8.12822271353997 -0.33833420335641
8.13450904201139 -0.345572899717571
8.14079537048281 -0.352738268146091
8.14708169895422 -0.359830308641967
8.15336802742564 -0.3668490212052
8.15965435589705 -0.373794405835792
8.16594068436847 -0.38066646253374
8.17222701283988 -0.387465191299045
8.1785133413113 -0.39419059213171
8.18479966978271 -0.40084266503173
8.19108599825413 -0.407421409999107
8.19737232672554 -0.413926827033842
8.20365865519696 -0.420358916135936
8.20994498366837 -0.426717677305386
8.21623131213979 -0.433003110542193
8.2225176406112 -0.43921521584636
8.22880396908262 -0.445353993217882
8.23509029755403 -0.451419442656761
8.24137662602545 -0.457411564163
8.24766295449687 -0.463330357736594
8.25394928296828 -0.469175823377546
8.2602356114397 -0.474947961085857
8.26652193991111 -0.480646770861523
8.27280826838253 -0.486272252704547
8.27909459685394 -0.491824406614928
8.28538092532536 -0.497303232592669
8.29166725379677 -0.502708730637765
8.29795358226819 -0.508040900750219
8.3042399107396 -0.513299742930031
8.31052623921102 -0.5184852571772
8.31681256768243 -0.523597443491726
8.32309889615385 -0.528636301873611
8.32938522462526 -0.533601832322852
8.33567155309668 -0.53849403483945
8.3419578815681 -0.543312909423407
8.34824421003951 -0.54805845607472
8.35453053851093 -0.55273067479339
8.36081686698234 -0.557329565579418
8.36710319545376 -0.561855128432805
8.37338952392517 -0.566307363353547
8.37967585239659 -0.570686270341648
8.385962180868 -0.574991849397106
8.39224850933942 -0.579224100519921
8.39853483781083 -0.583383023710094
8.40482116628225 -0.587468618967625
8.41110749475366 -0.591480886292512
8.41739382322508 -0.595419825684757
8.42368015169649 -0.59928543714436
8.42996648016791 -0.60307772067132
8.43625280863932 -0.606796676265637
8.44253913711074 -0.610442303927311
8.44882546558216 -0.614014603656344
8.45511179405357 -0.617513575452733
8.46139812252498 -0.62093921931648
8.4676844509964 -0.624291535247585
8.47397077946782 -0.627570523246047
8.48025710793923 -0.630776183311865
8.48654343641065 -0.633908515445043
8.49282976488206 -0.636967519645577
8.49911609335348 -0.639953195913468
8.50540242182489 -0.642865544248717
8.51168875029631 -0.645704564651323
8.51797507876772 -0.648470257121287
8.52426140723914 -0.651162621658608
8.53054773571055 -0.653781658263287
8.53683406418197 -0.656327366935323
8.54312039265338 -0.658799747674716
8.5494067211248 -0.661198800481467
8.55569304959621 -0.663524525355575
8.56197937806763 -0.665776922297041
8.56826570653905 -0.667955991305864
8.57455203501046 -0.670061732382044
8.58083836348188 -0.672094145525582
8.58712469195329 -0.674053230736478
8.59341102042471 -0.67593898801473
8.59969734889612 -0.677754708544949
8.60598367736754 -0.679566347666691
8.61227000583895 -0.681399708267289
8.61855633431037 -0.683254790346742
8.62484266278178 -0.685131593905051
8.6311289912532 -0.687030118942216
8.63741531972461 -0.688950365458235
8.64370164819603 -0.69089233345311
8.64998797666745 -0.692856022926841
8.65627430513886 -0.694841433879427
8.66256063361027 -0.696848566310869
8.66884696208169 -0.698877420221166
8.67513329055311 -0.700927995610318
8.68141961902452 -0.703000292478326
8.68770594749594 -0.705094310825189
8.69399227596735 -0.707210050650909
8.70027860443877 -0.709347511955483
8.70656493291018 -0.711506694738912
8.7128512613816 -0.713687599001198
8.71913758985301 -0.715890224742339
8.72542391832443 -0.718114571962335
8.73171024679584 -0.720360640661187
8.73799657526726 -0.722628430838894
8.74428290373867 -0.724917942495456
8.75056923221009 -0.727229175630875
8.7568555606815 -0.729562130245148
8.76314188915292 -0.731916806338277
8.76942821762433 -0.734293203910261
8.77571454609575 -0.736691322961102
8.78200087456717 -0.739111163490797
8.78828720303858 -0.741552725499347
8.79457353151 -0.744016008986754
8.80085985998141 -0.746501013953016
8.80714618845283 -0.749007740398133
8.81343251692424 -0.751536188322106
8.81971884539566 -0.754086357724934
8.82600517386707 -0.756658248606617
8.83229150233849 -0.759251860967157
8.8385778308099 -0.761867194806552
8.84486415928132 -0.764504250124801
8.85115048775273 -0.767163026921907
8.85743681622415 -0.769843525197868
8.86372314469556 -0.772545744952684
8.87000947316698 -0.775269686186356
8.8762958016384 -0.778015348898884
8.88258213010981 -0.780782733090267
8.88886845858123 -0.783571838760505
8.89515478705264 -0.786382665909599
8.90144111552406 -0.789215214537548
8.90772744399547 -0.792069484644352
8.91401377246689 -0.794945476230013
8.9203001009383 -0.797843189294528
8.92658642940972 -0.800762623837899
8.93287275788113 -0.803703779860126
8.93915908635255 -0.806666657361208
8.94544541482396 -0.809651256341145
8.95173174329538 -0.812657576799938
8.95801807176679 -0.815685618737587
8.96430440023821 -0.818735382154091
8.97059072870962 -0.82180686704945
8.97687705718104 -0.824900073423665
8.98316338565246 -0.828015001276735
8.98944971412387 -0.831151650608661
8.99573604259529 -0.834310021419442
9.0020223710667 -0.837490113709079
9.00830869953812 -0.840691927477571
9.01459502800953 -0.843915462724918
9.02088135648095 -0.847160719451122
9.02716768495236 -0.85042769765618
9.03345401342378 -0.853716397340094
9.03974034189519 -0.857026818502864
9.04602667036661 -0.860358961144488
9.05231299883802 -0.863712825264968
9.05859932730944 -0.867088410864305
9.06488565578085 -0.870485717942496
9.07117198425227 -0.873904746499542
9.07745831272368 -0.877345496535444
9.0837446411951 -0.880807968050203
9.09003096966651 -0.884292161043816
9.09631729813793 -0.887798075516284
9.10260362660935 -0.891325711467609
9.10888995508076 -0.894875068897788
9.11517628355218 -0.898446147806823
9.12146261202359 -0.902038948194714
9.12774894049501 -0.905653470061459
9.13403526896642 -0.909289713407061
9.14032159743784 -0.912947678231518
9.14660792590925 -0.91662736453483
9.15289425438067 -0.920328772316998
9.15918058285208 -0.924051901578021
9.1654669113235 -0.9277967523179
9.17175323979491 -0.931563324536634
9.17803956826633 -0.935351618234223
9.18432589673774 -0.939161633410669
9.19061222520916 -0.94299337006597
9.19689855368057 -0.946846828200125
9.20318488215199 -0.950722007813138
9.20947121062341 -0.954618908905004
9.21575753909482 -0.958537531475726
9.22204386756624 -0.962477875525305
9.22833019603765 -0.966439941053738
9.23461652450907 -0.970423728061027
9.24090285298048 -0.974429236547171
9.2471891814519 -0.978456466512171
9.25347550992331 -0.982505417956026
9.25976183839473 -0.986575926612544
9.26604816686614 -0.990602778803344
9.27233449533756 -0.994532752282086
9.27862082380897 -0.998365847048772
9.28490715228039 -1.0021020631034
9.2911934807518 -1.00574140044597
9.29747980922322 -1.00928385907649
9.30376613769464 -1.01272943899495
9.31005246616605 -1.01607814020135
9.31633879463747 -1.0193299626957
9.32262512310888 -1.02248490647799
9.3289114515803 -1.02554297154823
9.33519778005171 -1.0285041579064
9.34148410852313 -1.03136846555252
9.34777043699454 -1.03413589448659
9.35405676546596 -1.0368064447086
9.36034309393737 -1.03938011621855
9.36662942240879 -1.04185690901644
9.3729157508802 -1.04423682310228
9.37920207935162 -1.04651985847606
9.38548840782303 -1.04870601513779
9.39177473629445 -1.05079529308745
9.39806106476586 -1.05278769232507
9.40434739323728 -1.05468321285062
9.4106337217087 -1.05648185466412
9.41692005018011 -1.05818361776556
9.42320637865152 -1.05978850215495
9.42949270712294 -1.06129650783228
9.43577903559436 -1.06270763479755
9.44206536406577 -1.06402188305077
9.44835169253719 -1.06523925259193
9.4546380210086 -1.06635974342103
9.46092434948002 -1.06738335553808
9.46721067795143 -1.06831008894307
9.47349700642285 -1.069139943636
9.47978333489426 -1.06987291961688
9.48606966336568 -1.0705090168857
9.49235599183709 -1.07104823544246
9.49864232030851 -1.07149057528717
9.50492864877992 -1.07183603641982
9.51121497725134 -1.07208461884042
9.51750130572275 -1.07223632254896
9.52378763419417 -1.07229114754544
9.53007396266559 -1.07224909382986
9.536360291137 -1.07211016140223
9.54264661960842 -1.07187435026254
9.54893294807983 -1.0715416604108
9.55521927655125 -1.071112091847
9.56150560502266 -1.07058564457114
9.56779193349408 -1.06996231858323
9.57407826196549 -1.06924211388326
9.58036459043691 -1.06842503047123
9.58665091890832 -1.06751106834714
9.59293724737974 -1.066500227511
9.59922357585115 -1.06539250796281
9.60550990432257 -1.06418790970255
9.61179623279399 -1.06288643273024
9.6180825612654 -1.06148807704588
9.62436888973681 -1.05999284264946
9.63065521820823 -1.05840072954098
9.63694154667965 -1.05671173772044
9.64322787515106 -1.05492586718785
9.64951420362248 -1.0530431179432
9.65580053209389 -1.05106348998649
9.66208686056531 -1.04898698331773
9.66837318903672 -1.04681359793691
9.67465951750814 -1.04454333384404
9.68094584597955 -1.04217619103911
9.68723217445097 -1.03971216952212
9.69351850292238 -1.03715126929307
9.6998048313938 -1.03449349035197
9.70609115986521 -1.03173883269882
9.71237748833663 -1.0288872963336
9.71866381680804 -1.02593888125633
9.72495014527946 -1.022893587467
9.73123647375087 -1.01975141496562
9.73752280222229 -1.01651236375218
9.74380913069371 -1.01317643382668
9.75009545916512 -1.00974362518913
9.75638178763654 -1.00621393783952
9.76266811610795 -1.00258737177785
9.76895444457937 -0.998863927004132
9.77524077305078 -0.995043603518352
9.7815271015222 -0.991126401320517
9.78781342999361 -0.987112320410625
9.79409975846503 -0.983001360788675
9.80038608693644 -0.97879352245467
9.80667241540786 -0.974488805408608
9.81295874387927 -0.97008720965049
9.81924507235069 -0.965588735180315
9.8255314008221 -0.960993381998083
9.83181772929352 -0.956301150103796
9.83810405776494 -0.95151203949745
9.84439038623635 -0.94662605017905
9.85067671470777 -0.941643182148592
9.85696304317918 -0.936563435406077
9.8632493716506 -0.931386809951507
9.86953570012201 -0.92611330578488
9.87582202859343 -0.920742922906197
9.88210835706484 -0.915275661315456
9.88839468553626 -0.90971152101266
9.89468101400767 -0.904050501997807
9.90096734247909 -0.898292604270896
9.9072536709505 -0.89243782783193
9.91353999942192 -0.886486172680908
9.91982632789333 -0.880437638817827
9.92611265636475 -0.874337166171623
9.93239898483616 -0.8682649795373
9.93868531330758 -0.862222658834233
9.944971641779 -0.856210204062425
9.95125797025041 -0.850227615221874
9.95754429872182 -0.84427489231258
9.96383062719324 -0.838352035334543
9.97011695566466 -0.832459044287764
9.97640328413607 -0.826595919172243
9.98268961260749 -0.820762659987978
9.9889759410789 -0.814959266734971
9.99526226955032 -0.809185739413223
10.0015485980217 -0.803442078022729
10.0078349264931 -0.797728282563495
10.0141212549646 -0.792044353035519
10.020407583436 -0.786390289438798
10.0266939119074 -0.780766091773336
10.0329802403788 -0.775171760039132
10.0392665688502 -0.769607294236185
10.0455528973216 -0.764072694364494
10.0518392257931 -0.758567960424062
10.0581255542645 -0.753093092414888
10.0644118827359 -0.747648090336969
10.0706982112073 -0.742232954190309
10.0769845396787 -0.736847683974907
10.0832708681501 -0.73149227969076
10.0895571966215 -0.726166741337873
10.095843525093 -0.720871068916243
10.1021298535644 -0.715605262425869
10.1084161820358 -0.710369321866754
10.1147025105072 -0.705163247238896
10.1209888389786 -0.699987038542295
10.12727516745 -0.694840695776951
10.1335614959215 -0.689724218942866
10.1398478243929 -0.684637608040037
10.1461341528643 -0.679580863068465
10.1524204813357 -0.674553984028152
10.1587068098071 -0.669556970919096
10.1649931382785 -0.664589823741297
10.1712794667499 -0.659652542494756
10.1775657952214 -0.654745127179472
10.1838521236928 -0.649867577795445
10.1901384521642 -0.645019894342676
10.1964247806356 -0.640202076821165
10.202711109107 -0.635414125230911
10.2089974375784 -0.630656039571913
10.2152837660499 -0.625927819844174
10.2215700945213 -0.621229466047693
10.2278564229927 -0.616560978182468
10.2341427514641 -0.611922356248501
10.2404290799355 -0.607313600245792
10.2467154084069 -0.602734710174338
10.2530017368783 -0.598185686034144
10.2592880653498 -0.593666527825207
10.2655743938212 -0.589177235547526
10.2718607222926 -0.584717809201104
10.278147050764 -0.580288248785939
10.2844333792354 -0.575888554302032
10.2907197077068 -0.571518725749381
10.2970060361783 -0.567178763127989
10.3032923646497 -0.562868666437854
10.3095786931211 -0.558588435678975
10.3158650215925 -0.554338070851355
10.3221513500639 -0.550117571954992
10.3284376785353 -0.545926938989886
10.3347240070067 -0.541766171956038
10.3410103354782 -0.537635270853447
10.3472966639496 -0.533534235682113
10.353582992421 -0.529463066442038
10.3598693208924 -0.525421763133219
10.3661556493638 -0.521410325755659
10.3724419778352 -0.517428754309354
10.3787283063067 -0.513477048794308
10.3850146347781 -0.50955520921052
10.3913009632495 -0.505663235557988
10.3975872917209 -0.501801127836714
10.4038736201923 -0.497968886046698
10.4101599486637 -0.494166510187938
10.4164462771351 -0.490394000260437
10.4227326056066 -0.486651356264193
10.429018934078 -0.482938578199205
10.4353052625494 -0.479255666065476
10.4415915910208 -0.475602619863005
10.4478779194922 -0.471979439591791
10.4541642479636 -0.468386125251833
10.460450576435 -0.464822676843134
10.4667369049065 -0.461289094365692
10.4730232333779 -0.457785377819506
10.4793095618493 -0.454311527204579
10.4855958903207 -0.450867542520909
10.4918822187921 -0.447453423768496
10.4981685472635 -0.444069170947341
10.504454875735 -0.440714784057444
10.5107412042064 -0.437390263098803
10.5170275326778 -0.434095608071421
10.5233138611492 -0.430830818975296
10.5296001896206 -0.427595895810428
10.535886518092 -0.424390838576817
10.5421728465634 -0.421215647274464
10.5484591750349 -0.418070321903369
10.5547455035063 -0.41495486246353
10.5610318319777 -0.411869268954949
10.5673181604491 -0.408813541377626
10.5736044889205 -0.40578767973156
10.5798908173919 -0.402791684016751
10.5861771458634 -0.399807536357004
10.5924634743348 -0.396769046082119
10.5987498028062 -0.393670082109228
10.6050361312776 -0.390510644438328
10.611322459749 -0.387290733069421
10.6176087882204 -0.384010348002504
10.6238951166918 -0.38066948923758
10.6301814451633 -0.377268156774648
10.6364677736347 -0.373806350613707
10.6427541021061 -0.370284070754759
10.6490404305775 -0.366701317197803
10.6553267590489 -0.363058089942838
10.6616130875203 -0.359354388989865
10.6678994159918 -0.355590214338885
10.6741857444632 -0.351765565989895
10.6804720729346 -0.347880443942898
10.686758401406 -0.343934848197894
10.6930447298774 -0.339928778754881
10.6993310583488 -0.335862235613859
10.7056173868202 -0.33173521877483
10.7119037152917 -0.327547728237792
10.7181900437631 -0.323299764002746
10.7244763722345 -0.318991326069692
10.7307627007059 -0.314622414438631
10.7370490291773 -0.31019302910956
10.7433353576487 -0.305703170082482
10.7496216861202 -0.301152837357397
10.7559080145916 -0.296542030934303
10.762194343063 -0.2918707508132
10.7684806715344 -0.28713899699409
10.7747670000058 -0.282346769476971
10.7810533284772 -0.277494068261844
10.7873396569486 -0.272580893348709
10.7936259854201 -0.267607244737567
10.7999123138915 -0.262573122428415
10.8061986423629 -0.257478526421256
10.8124849708343 -0.25232345671609
10.8187712993057 -0.247107913312913
10.8250576277771 -0.24183189621173
10.8313439562486 -0.236495405412539
10.83763028472 -0.23109844091534
10.8439166131914 -0.225641002720131
10.8502029416628 -0.220123090826916
10.8564892701342 -0.214544705235693
10.8627755986056 -0.20890584594646
10.869061927077 -0.20320651295922
10.8753482555485 -0.197446706273972
10.8816345840199 -0.191626425890715
10.8879209124913 -0.185745671809451
10.8942072409627 -0.179804444030179
10.9004935694341 -0.173802742552897
10.9067798979055 -0.167740567377609
10.913066226377 -0.161617918504313
10.9193525548484 -0.155434795933008
10.9256388833198 -0.149191199663694
10.9319252117912 -0.142887129696373
10.9382115402626 -0.136522586031045
10.944497868734 -0.130097568667706
10.9507841972054 -0.123612077606361
10.9570705256769 -0.117066112847008
10.9633568541483 -0.110459674389645
10.9696431826197 -0.103792762234276
10.9759295110911 -0.0970653763808989
10.9822158395625 -0.0902775168295117
10.9885021680339 -0.0834291835801182
10.9947884965053 -0.0765203766327166
11.0010748249768 -0.069551095987307
11.0073611534482 -0.0625213416438872
11.0136474819196 -0.0554311136024614
11.019933810391 -0.0482804118630274
11.0262201388624 -0.0410692364255834
11.0325064673338 -0.0337975872901332
11.0387927958053 -0.026465464456675
11.0450791242767 -0.0190728679252065
11.0513654527481 -0.0116197976957321
11.0576517812195 -0.00410625376824961
11.0639381096909 0.00346776385724318
11.0702244381623 0.0111022551807419
11.0765107666337 0.0187972202022487
11.0827970951052 0.0265526589217636
11.0890834235766 0.0343685713392889
11.095369752048 0.04224495745482
11.1016560805194 0.0501818172683592
11.1079424089908 0.0581791507799087
11.1142287374622 0.0662369579894642
11.1205150659337 0.0743552388970276
11.1268013944051 0.0825339935026015
11.1330877228765 0.0907732218061813
11.1393740513479 0.099072923807769
11.1456603798193 0.107433099507367
11.1519467082907 0.115853748904971
11.1582330367621 0.124334872000583
11.1645193652336 0.132876468794204
11.170805693705 0.141478539285834
11.1770920221764 0.150141083475471
11.1833783506478 0.158864101363115
11.1896646791192 0.16764759294877
11.1959510075906 0.176491558232431
11.2022373360621 0.1853959972141
11.2085236645335 0.194360909893779
11.2148099930049 0.203386296271464
11.2210963214763 0.212472156347157
11.2273826499477 0.221618490120861
11.2336689784191 0.23082529759257
11.2399553068905 0.240092578762287
11.246241635362 0.249407954459307
11.2525279638334 0.258667555704428
11.2588142923048 0.267847978128029
11.2651006207762 0.276949221730114
11.2713869492476 0.285971286510684
11.277673277719 0.294914172469734
11.2839596061905 0.303777879607268
11.2902459346619 0.312562407923287
11.2965322631333 0.321267757417787
11.3028185916047 0.329893928090769
11.3091049200761 0.338440919942237
11.3153912485475 0.346908732972186
11.3216775770189 0.355297367180618
11.3279639054904 0.363606822567533
11.3342502339618 0.371837099132933
11.3405365624332 0.379988196876814
11.3468228909046 0.388060115799177
11.353109219376 0.396052855900027
11.3593955478474 0.403966417179357
11.3656818763189 0.41180079963717
11.3719682047903 0.419556003273468
11.3782545332617 0.427232028088247
11.3845408617331 0.434828874081509
11.3908271902045 0.442346541253256
11.3971135186759 0.449785029603484
11.4033998471473 0.457144339132196
11.4096861756188 0.46442446983939
11.4159725040902 0.471625421725069
11.4222588325616 0.47874719478923
11.428545161033 0.485789789031873
11.4348314895044 0.492753204453001
11.4411178179758 0.499637441052611
11.4474041464473 0.506442498830703
11.4536904749187 0.513168377787281
11.4599768033901 0.519815077922339
11.4662631318615 0.526382599235881
11.4725494603329 0.532870941727907
11.4788357888043 0.539280105398415
11.4851221172757 0.545610090247405
11.4914084457472 0.551860896274879
11.4976947742186 0.558032523480838
11.50398110269 0.564124971865278
11.5102674311614 0.5701382414282
11.5165537596328 0.576072332169608
11.5228400881042 0.581927244089497
11.5291264165756 0.587702977187869
11.5354127450471 0.593399531464725
11.5416990735185 0.599016906920063
11.5479854019899 0.604555103553884
11.5542717304613 0.61001412136619
11.5605580589327 0.615393960356977
11.5668443874041 0.620694620526247
11.5731307158756 0.625916101874
11.579417044347 0.631058404400238
11.5857033728184 0.636121528104957
11.5919897012898 0.64110547298816
11.5982760297612 0.646010239049846
11.6045623582326 0.650835826290015
11.610848686704 0.655582234708666
11.6171350151755 0.660249464305802
11.6234213436469 0.664837515081419
11.6297076721183 0.66934638703552
11.6359940005897 0.673776080168104
11.6422803290611 0.678126594479171
11.6485666575325 0.682397929968721
11.654852986004 0.686590086636754
11.6611393144754 0.69070306448327
11.6674256429468 0.694736863508269
11.6737119714182 0.698691483711751
11.6799982998896 0.702566925093717
11.686284628361 0.706363187654165
11.6925709568324 0.710080271393095
11.6988572853039 0.71371817631051
11.7051436137753 0.717276902406408
11.7114299422467 0.720756449680787
11.7177162707181 0.72415681813365
11.7240025991895 0.727478007764997
11.7302889276609 0.730720018574827
11.7365752561324 0.733882850563139
11.7428615846038 0.736966503729935
11.7491479130752 0.739970978075213
11.7554342415466 0.742896273598974
11.761720570018 0.745742390301219
11.7680068984894 0.748509328181947
11.7742932269608 0.751197087241157
11.7805795554323 0.753805667478851
11.7868658839037 0.756335068895027
11.7931522123751 0.758785291489687
11.7994385408465 0.761156335262829
11.8057248693179 0.763448200214456
11.8120111977893 0.765660886344564
11.8182975262608 0.767794393653156
11.8245838547322 0.769848722140231
11.8308701832036 0.771823871805789
11.837156511675 0.773719842649829
11.8434428401464 0.775536634672354
11.8497291686178 0.777274247873361
11.8560154970892 0.77893268225285
11.8623018255607 0.780511937810824
11.8685881540321 0.782012014547279
11.8748744825035 0.783432912462218
11.8811608109749 0.78477463155564
11.8874471394463 0.786037171827546
11.8937334679177 0.787220533277934
11.9000197963892 0.788324715906805
11.9063061248606 NaN
11.912592453332 NaN
11.9188787818034 NaN
11.9251651102748 NaN
11.9314514387462 NaN
11.9377377672176 NaN
11.9440240956891 NaN
11.9503104241605 NaN
11.9565967526319 NaN
11.9628830811033 NaN
11.9691694095747 NaN
11.9754557380461 NaN
11.9817420665175 NaN
11.988028394989 NaN
11.9943147234604 NaN
12.0006010519318 NaN
12.0068873804032 NaN
12.0131737088746 NaN
12.019460037346 NaN
12.0257463658175 NaN
12.0320326942889 NaN
12.0383190227603 NaN
12.0446053512317 NaN
12.0508916797031 NaN
12.0571780081745 NaN
12.0634643366459 NaN
12.0697506651174 NaN
12.0760369935888 NaN
12.0823233220602 NaN
12.0886096505316 NaN
12.094895979003 NaN
12.1011823074744 NaN
12.1074686359459 NaN
12.1137549644173 NaN
12.1200412928887 NaN
12.1263276213601 NaN
12.1326139498315 NaN
12.1389002783029 NaN
12.1451866067743 NaN
12.1514729352458 NaN
12.1577592637172 NaN
12.1640455921886 NaN
12.17033192066 NaN
12.1766182491314 NaN
12.1829045776028 NaN
12.1891909060743 NaN
12.1954772345457 NaN
12.2017635630171 NaN
12.2080498914885 NaN
12.2143362199599 NaN
12.2206225484313 NaN
12.2269088769027 NaN
12.2331952053742 NaN
12.2394815338456 NaN
12.245767862317 NaN
12.2520541907884 NaN
12.2583405192598 NaN
12.2646268477312 NaN
12.2709131762027 NaN
12.2771995046741 NaN
12.2834858331455 NaN
12.2897721616169 NaN
12.2960584900883 NaN
12.3023448185597 NaN
12.3086311470311 NaN
12.3149174755026 NaN
12.321203803974 NaN
12.3274901324454 NaN
12.3337764609168 NaN
12.3400627893882 NaN
12.3463491178596 NaN
12.3526354463311 NaN
12.3589217748025 NaN
12.3652081032739 NaN
12.3714944317453 NaN
12.3777807602167 NaN
12.3840670886881 NaN
12.3903534171595 NaN
12.396639745631 NaN
12.4029260741024 NaN
12.4092124025738 NaN
12.4154987310452 NaN
12.4217850595166 NaN
12.428071387988 NaN
12.4343577164595 NaN
12.4406440449309 NaN
12.4469303734023 NaN
12.4532167018737 NaN
12.4595030303451 NaN
12.4657893588165 NaN
12.4720756872879 NaN
12.4783620157594 NaN
12.4846483442308 NaN
12.4909346727022 NaN
12.4972210011736 NaN
12.503507329645 NaN
12.5097936581164 NaN
12.5160799865878 NaN
12.5223663150593 NaN
12.5286526435307 NaN
12.5349389720021 NaN
12.5412253004735 NaN
12.5475116289449 NaN
12.5537979574163 NaN
12.5600842858878 NaN
12.5663706143592 NaN
