10 0.316227766016838 0.620386648251399 0.176352137920579
12 0.288675134594813 0.579111332432165 0.286910288346824
15 0.258198889747161 0.407386028496952 0.00667117117576588
18 0.235702260395516 0.401428441602293 0.871295545839986
22 0.21320071635561 0.499739625298647 0.281007563649585
27 0.192450089729875 0.406404015066998 0.176228554084402
33 0.174077655955698 0.349891258005647 0.353707362324424
41 0.156173761888606 0.294684036816685 0.439405920136771
51 0.140028008402801 0.267616908264672 0.429413968379287
63 0.125988157669742 0.237663912585564 0.108072695689168
78 0.11322770341446 0.212417691994004 0.369196504214711
97 0.101534616513362 0.214035623544481 0.0300853082033501
121 0.0909090909090909 0.190299735716101 0.0811706593162254
151 0.0813788458771159 0.160257420461272 0.10581367620533
188 0.0729324957489473 0.152911722395602 0.0133697825229731
235 0.0652328073053442 0.123478687663945 0.0486131862302637
293 0.0584206237836986 0.11456474200154 0.263629096233706
366 0.0522708373489317 0.103462778868109 0.0574759529621609
457 0.0467780269724988 0.10142857525485 0.0241803625264372
571 0.0418486975318687 0.0867137885728807 0.0242099305777126
713 0.0374502943136569 0.0771622916279699 0.0452364578358289
891 0.0335012605086404 0.068667272451476 0.00353292016748163
1113 0.029974532466509 0.0616989056245728 0.0396633793865191
1391 0.0268124460085859 0.0554655926792428 0.0185762844520325
1738 0.0239869546440458 0.0495948107810257 0.0119881107312199
2172 0.0214570537711437 0.0443013918208308 0.0372039295537996
2715 0.0191917723316582 0.0400986505825711 0.037972190402229
3393 0.0171675400874868 0.0352132893336342 0.0177529365125104
4241 0.0153555672295826 0.0314806426092668 0.0127739185594336
5301 0.0137347607238388 0.0286620757997495 0.0287217661528598
6626 0.0122849752037239 0.0250962227637344 0.0135951492682396
8282 0.0109883475416116 0.0227864214579388 0.00905554722652768
10352 0.00982851417463439 0.0203744552738057 0.0303099705844954
12940 0.0087908903249211 0.018194291724977 0.00322514344685398
16175 0.00786281133970751 0.0162204279895945 0.0178491545791051
20218 0.00703284270026926 0.0145037925842802 0.00727306594100829
25272 0.00629042796746998 0.013001520593081 0.0153322160533014
31590 0.00562632981713148 0.0117010200192577 0.00320613513718415
39487 0.00503237423462913 0.0103836262802021 0.0113814993331198
49358 0.00450112654789556 0.00927816459328235 0.00281635016472626
61697 0.00402594628784967 0.00832544982548127 0.0102036143705151
77121 0.00360092166582417 0.0074217685603589 0.0179250241053532
96401 0.00322076642682742 0.00665101213346844 0.00316063527008126
120501 0.00288074405630835 0.00595647131978014 0.000203377999254517
150626 0.00257661795252888 0.00531903719931582 0.00608161296173471
188282 0.00230460021759216 0.00476074385719917 0.00271565826782094
235352 0.00206129928858712 0.00426167800609735 0.00160941243709001
294190 0.0018436821325011 0.00380639633662996 0.000376316680786637
367737 0.00164904055194186 0.00340658406523849 7.31914784957155E-05
459671 0.00147494710980586 0.00304451694508728 0.00434567632228555
574588 0.00131923366128295 0.00272566206858981 0.00230249282497086
718235 0.00117995845793384 0.00243720315984588 0.000571410062474964
897793 0.00105538736985182 0.00217953866054672 0.00310496729175114
1122241 0.000943967265776449 0.00194857271433846 0.00128938613087248
1402801 0.000844310065158595 0.00174410649382776 0.00106326115972344
1753501 0.00075517393374605 0.00156006803298752 0.000358048075049577
2191876 0.000675448138796812 0.00139572554367484 0.000290275873790158
2739845 0.000604139181450154 0.0012480128207922 0.00115474370947366
3424806 0.00054035853075968 0.00111664046125833 0.000814522626431113
4281007 0.000483311391024384 0.000998334948047002 0.000614644277011855
