2.99573227355399 1.38629436111989 1.09861228866811
3.2188758248682 2.07944154167984 1.09861228866811
3.40119738166216 1.79175946922806 1.6094379124341
3.55534806148941 2.39789527279837 2.07944154167984
3.68887945411394 2.83321334405622 2.56494935746154
3.80666248977032 3.17805383034795 2.83321334405622
3.91202300542815 3.49650756146648 3.25809653802148
4.00733318523247 3.93182563272433 3.52636052461616
4.0943445622221 4.07753744390572 3.76120011569356
4.17438726989564 4.40671924726425 4.00733318523247
4.24849524204936 4.48863636973214 4.27666611901606
4.31748811353631 4.85203026391962 4.39444915467244
4.38202663467388 4.86753445045558 4.60517018598809
4.44265125649032 5.22035582507832 4.8283137373023
4.49980967033027 5.40717177146012 5.03695260241363
4.55387689160054 5.53338948872752 5.10594547390058
4.60517018598809 5.69035945432406 5.27811465923052
4.65396035015752 5.91350300563827 5.42934562895444
4.70048036579242 5.93753620508243 5.71373280550937
4.74493212836325 6.17586727010576 5.78074351579233
4.78749174278205 6.2363695902037 5.90808293816893
4.8283137373023 6.40687998606931 5.98645200528444
4.86753445045558 6.4723462945009 6.12686918411419
4.90527477843843 6.62936325343745 6.26530121273771
4.9416424226093 6.82762923450285 6.38687931936265
4.97673374242057 6.9037472575846 6.59167373200866
5.01063529409626 6.94697599213542 6.60934924316738
5.04342511691925 7.02553831463852 6.6682282484174
5.07517381523383 7.12689080889881 6.88448665204278
5.10594547390058 7.22548147278229 6.92067150424868
5.13579843705026 7.41878088275079 7.14991683613211
5.16478597392351 7.37650812632622 7.05789793741186
5.19295685089021 7.49831587076698 7.09754885061479
5.22035582507832 7.63385355968177 7.16857989726403
5.24702407216049 7.70345904786717 7.24208235925696
5.27299955856375 7.81480342948936 7.31986492980897
