0.1 2.52500060967148
0.12 2.1133335857048
0.14 1.82071329723067
0.16 1.60249869319863
0.18 1.43388846879345
0.2 1.29999961219733
0.22 1.19136109573544
0.24 1.10166378539708
0.26 1.0265380261563
0.28 0.962856906835464
0.3 0.908353949085816
0.32 0.861262508825
0.34 0.820301541542634
0.36 0.784448204688635
0.38 0.752867674045642
0.4 0.724985609218718
0.42 0.7002308480233
0.44 0.678178620749269
0.46 0.658477402096839
0.48 0.640833542223227
0.5 0.625091980345573
0.52 0.610773476593635
0.54 0.597964663735585
0.56 0.586430739503232
0.58 0.576037006276238
0.6 0.566669443416288
0.62 0.558228739016524
0.64 0.550624891338404
0.66 0.543787819418442
0.68 0.537647035766988
0.7 0.532142858852049
0.72 0.527229775741577
0.74 0.522838420751772
0.76 0.518945453250966
0.78 0.515510375981456
0.8 0.512497072577174
0.82 0.509874693900694
0.84 0.507600883577657
0.86 0.505698846337569
0.88 0.504092152170193
0.9 0.502778371449749
0.92 0.501739519215483
0.940000000000001 0.500957669216993
0.960000000000001 0.500159158869258
0.980000000000001 0.500100583005266
1 0.499998507630578
1.02 0.500098049735666
1.04 0.500384638151269
1.06 0.500852336811792
1.08 0.501484765491588
1.1 0.502275813901651
1.12 0.50321436799874
1.14 0.504298343664314
1.16 0.505517354872262
1.18 0.50686453507982
1.2 0.508333475514092
1.22 0.509915886585734
1.24 0.511610889106619
1.26 0.512123527573178
1.28 0.515310773729306
1.3 0.51730611567929
1.32 0.519392512738759
1.34 0.52156588564447
1.36 0.523822395278943
1.38 0.526165328914635
1.4 0.528578038553534
1.42 0.531100380563377
1.44 0.53365931326813
1.46 0.536276345829879
1.48 0.538966259285641
1.5 0.541660676412486
1.52 0.544467885050561
1.54 0.547332089648372
1.56 0.550251093762395
1.58 0.553222811985836
1.6 0.556245263097787
1.62 0.559316563709033
1.64 0.562434922362317
1.66 0.56559863404913
1.68 0.568803668031174
1.7 0.572053190576599
1.72 0.575346233116326
1.74 0.578675449905073
1.76 0.582042638048628
1.78 0.58544651826315
1.8 0.588885868100118
1.82 0.592359518818988
1.84 0.595842395868868
1.86 0.599380180221959
1.88 0.602949040827851
1.9 0.606547997422613
1.92 0.610179140066945
1.94 0.613835499646399
1.96 0.617550336601589
1.98 0.621261852813765
