10 0.316227766016838 1.24962822547846 0.766212743106196  1.4712108351777 0.721845985455947 4.0385923784339 1.12229646437284
12 0.288675134594813 1.08667321744766 0.405519015661698  2.93300021116575 0.258575386609538 4.4448174430654 0.0210951935425348
15 0.258198889747161 0.924966533919207 0.0361508130348871  1.21889772256845 0.547236785452375 3.26877831669475 0.444683413206188
18 0.235702260395516 0.859147845771949 0.0902920225639803  0.60136372845951 0.067568121054653 4.23440377090695 0.408997389483476
22 0.21320071635561 0.833666021113073 0.202548686012787  0.526173083835323 0.304595030164543 2.12651186042629 0.65115934070256
27 0.192450089729875 0.758102079341322 0.975901985369708  1.29858239665886 0.0128278308726237 0.646686689950181 0.113130537412506
33 0.174077655955698 0.671128611945457 0.330012667667449  0.448720246792161 0.0855260304980972 2.23315431157748 0.340419614992531
41 0.156173761888606 0.607543078091423 0.251022545255553  0.453700472008608 0.182316377742806 2.22161528031478 0.254928528158605
51 0.140028008402801 0.529081158349791 0.123696038147642  0.0819206688186006 0.223417991408369 0.230172593407403 0.256165501935974
63 0.125988157669742 0.478564549672414 0.281315535023916  0.16046825353612 0.0261431798025442 0.008340953648942 0.311070420166772
78 0.11322770341446 0.414647999145337 0.384535349968743  0.0800301522015531 0.188028919807383 1.12089638938181 0.221106904879691
97 0.101534616513362 0.385187133122228 0.117882879975566  0.0768535639924076 0.101397880785931 0.628253457203489 0.119784810542869
121 0.0909090909090909 0.33757356705733 0.307122611213072  0.337030954902481 0.168940098655282 0.315892111585548 0.0942468262960445
151 0.0813788458771159 0.30711333998826 0.179392785579546  0.0213807989362608 0.131056769034302 0.280425058853995 0.0603046277191099
188 0.0729324957489473 0.279344124266132 0.0809394258940905  0.138115164490179 0.030032150264923 0.484212597574763 0.0977106684889617
235 0.0652328073053442 0.244848160996098 0.0378239952599477  0.213396112931959 0.00865784707666251 0.131083859298254 0.0253696607585989
293 0.0584206237836986 0.21968959585343 0.0718679063978271  0.30883210509213 0.00811592304899245 0.104838402777815 0.0125099682171457
366 0.0522708373489317 0.195988770900576 0.00333460568186483  0.0583571205597494 0.035348659719078 0.00379113062252945 0.0344796653303638
457 0.0467780269724988 0.17512014608208 0.056420218743491  0.0461783716873945 0.00697937068822396 0.110495619187176 0.0186609397647639
571 0.0418486975318687 0.157963177609883 0.0810945025910392  0.0231954322239037 0.00627502758494902 0.0772799371723676 0.0146668767993887
713 0.0374502943136569 0.140044319587714 0.0884703430850511  0.0106435470807244 0.0153035872024234 0.0137244974269533 9.67405940071053E-05
891 0.0335012605086404 0.124932010978126 0.0860814347690284  0.0407710799473279 0.0105399371792996 0.0425029316769863 0.0156062719282457
1113 0.029974532466509 0.112010917910378 0.108724581780143  0.0325078172362139 0.00556250191745633 0.00523172756871237 0.000750088291515461
1391 0.0268124460085859 0.100251087837121 0.0673001534730115  0.00114440409972089 0.000298158920972291 0.0645007094569331 0.017904923760256
1738 0.0239869546440458 0.0902514958511415 0.0456250155791422  0.00153785907921244 0.000539080020443894 0.00173125841235566 0.00234959506110277
2172 0.0214570537711437 0.0807713729681904 0.0332472044012575  0.00437151768022315 0.00110311383777351 0.0105059516702205 0.00242449945697887
2715 0.0191917723316582 0.0722065897471332 0.0152868047875656  0.0106293654280432 0.00405639273753922 0.0403238913607685 0.00502815840242521
3393 0.0171675400874868 0.064446471782428 0.0171758242974644  0.00898103297043357 0.00323155590066682 0.00345203442100728 0.000543687886859434
4241 0.0153555672295826 0.0578700258019035 0.0287341240867729  0.0128605716097094 0.00105801239870518 0.00139734602353908 0.00306784652827696
5301 0.0137347607238388 0.0516431949997186 0.00887831041803544  0.00549841222593034 0.00283202639320868 0.000919720523591516 6.16782214257761E-05
6626 0.0122849752037239 0.0464228662173264 0.0252555290064969  0.00127489321899332 0.00213484698324073 0.00553212839095524 0.00211352799155007
8282 0.0109883475416116 0.0415691557969877 0.00494798753501824  0.00184868399103483 0.00135072978051731 0.0074775233684467 0.00272165350553344
10352 0.00982851417463439 0.037235158448474 0.0204717902829441  0.00146858793656696 6.45416682343303E-05 0.00854635542840704 0.000813813139710184
12940 0.0087908903249211 0.0332641136130426 0.00907424553399672  0.00312073166456039 0.000804060532656248 0.000111559109921888 0.000442594273342145
16175 0.00786281133970751 0.0298130494881572 0.011032028669701  0.000400298558845769 0.000433890119427627 0.00115865929327846 0.000931170983059726
20218 0.00703284270026926 0.0266795474587838 0.000873468583725945  0.000347152017230679 0.000279180409183954 0.00390172305221248 8.2312572561527E-05
25272 0.00629042796746998 0.0238395773333101 0.00119921289196778  0.000418443937228119 0.000200978466056601 0.00372366767820553 0.00103835680113473
31590 0.00562632981713148 0.0213189351050523 0.0069625484257072  0.000665811638605185 6.34420426428584E-05 0.00199700771419448 0.000102874390996988
39487 0.00503237423462913 0.0190678353636582 0.011118907004954  0.000400486404450839 9.90653871513203E-06 0.00139738235762632 0.000258346031000389
49358 0.00450112654789556 0.0170527192036312 0.0124762059894583  0.000310231043156639 0.000394178082411045 7.71100151411019E-05 8.56714987351737E-05
61697 0.00402594628784967 0.015253245451852 0.0208313589163289  5.19061454677949E-05 0.00010305520081122 0.000311631193131101 4.44873006619773E-05
77121 0.00360092166582417 0.0136586597539383 0.0160049325523515  0.000761645077792972 0.000125000028244227 0.000662418369826723 5.35593439083826E-05
96401 0.00322076642682742 0.012215567795427 0.0128674084731633  0.000314120144187857 6.4060010491751E-06 0.000599989426786629 0.000284973059658356
120501 0.00288074405630835 0.0109242711529466 0.0143979979952507  1.04038086395919E-06 5.96629063762677E-05 0.000151979414764081 1.85455773662468E-05
150626 0.00257661795252888 0.00977032732949616 0.0107525511178546  0.000328875900814929 5.30211616212029E-05 0.000326277990157331 5.88992346450823E-05
188282 0.00230460021759216 0.00874205846119632 0.00772506187800115  3.85138014035724E-05 6.56956928457575E-06 5.3595650606586E-05 5.95018002513825E-06
235352 0.00206129928858712 0.00782054870829879 0.00562260417221072  0.000108605322010125 5.85468419842528E-05 6.20360849825086E-05 1.32997140052105E-05
294190 0.0018436821325011 0.00699809504173726 0.00411708233655883  0.000119463444412327 1.40295271990887E-05 0.000288247220157634 8.53536107552344E-05
367737 0.00164904055194186 0.00625815127054416 0.00333676707565234  3.3160439612212E-05 3.13265136511198E-05 2.34719504762504E-05 3.78514859411538E-05
459671 0.00147494710980586 0.00559795618323618 0.00108896363741717  7.23867434868075E-05 6.62879846924369E-06 6.96819035422847E-06 4.18088381675119E-05
574588 0.00131923366128295 0.00500730167534218 0.000425661262214216  8.04352043295986E-05 1.22276698939494E-05 7.77640894802922E-05 3.31523537684397E-05
718235 0.00117995845793384 0.00447884293489846 0.000277291277462677  7.17888011681489E-05 1.20599996824566E-05 6.46459122697896E-05 2.73499446641345E-05
897793 0.00105538736985182 0.00400577934854762 0.00226822208870692  2.30454912143463E-05 1.01953585089909E-05 3.9280981722345E-05 1.85537412482617E-05
1122241 0.000943967265776449 0.00358343552757602 0.00192553253622929  4.8344718655835E-05 4.01805772254349E-06 1.08838886033746E-05 1.22609534569662E-06
1402801 0.000844310065158595 0.00320505726023504 0.00330490882825973  3.40123421377347E-06 2.96121733001087E-06 7.41390207840698E-05 3.16957633650361E-06
1753501 0.00075517393374605 0.0028666942774757 0.00284810329146978  2.85057620538209E-05 2.52698093561321E-06 6.12321325718646E-05 7.79774092407592E-07
