0 0 0
0.0476190476190476 0.045995441913851 0.0471313028749786
0.0952380952380952 0.0909634216605268 0.0932097703258637
0.142857142857143 0.133899428879836 0.137206085532178
0.19047619047619 0.173844344120114 0.178137443513935
0.238095238095238 0.209905863981881 0.215089505370854
0.285714285714286 0.241278433701291 0.247236823102498
0.333333333333333 0.267261241912424 0.273861278752583
0.380952380952381 0.287273875615142 0.294368125977476
0.428571428571429 0.300869285642407 0.308299275696718
0.476190476190476 0.307743772999949 0.315343529046113
0.523809523809524 0.307743772999949 0.315343529046113
0.571428571428571 0.300869285642407 0.308299275696718
0.619047619047619 0.287273875615142 0.294368125977476
0.666666666666667 0.267261241912424 0.273861278752583
0.714285714285714 0.241278433701291 0.247236823102498
0.761904761904762 0.209905863981881 0.215089505370854
0.80952380952381 0.173844344120114 0.178137443513935
0.857142857142857 0.133899428879835 0.137206085532178
0.904761904761905 0.0909634216605266 0.0932097703258637
0.952380952380952 0.0459954419138512 0.0471313028749786
1 0 0
0 0 0
0.0476190476190476 -0.0909634216605266 -0.0932097703258637
0.0952380952380952 -0.173844344120114 -0.178137443513935
0.142857142857143 -0.241278433701291 -0.247236823102498
0.19047619047619 -0.287273875615142 -0.294368125977476
0.238095238095238 -0.307743772999949 -0.315343529046113
0.285714285714286 -0.300869285642407 -0.308299275696718
0.333333333333333 -0.267261241912424 -0.273861278752583
0.380952380952381 -0.20990586398188 -0.215089505370855
0.428571428571429 -0.133899428879835 -0.137206085532178
0.476190476190476 -0.0459954419138509 -0.0471313028749788
0.523809523809524 0.045995441913851 0.0471313028749784
0.571428571428571 0.133899428879835 0.137206085532178
0.619047619047619 0.209905863981881 0.215089505370854
0.666666666666667 0.267261241912424 0.273861278752583
0.714285714285714 0.300869285642407 0.308299275696718
0.761904761904762 0.30774377299995 0.315343529046113
0.80952380952381 0.287273875615142 0.294368125977476
0.857142857142857 0.241278433701291 0.247236823102498
0.904761904761905 0.173844344120114 0.178137443513935
0.952380952380952 0.0909634216605265 0.0932097703258642
1 0 0
0 0 0
0.0476190476190476 0.133899428879835 -0.137206085532178
0.0952380952380952 0.24127843370129 -0.247236823102498
0.142857142857143 0.300869285642406 -0.308299275696718
0.19047619047619 0.300869285642406 -0.308299275696718
0.238095238095238 0.241278433701291 -0.247236823102498
0.285714285714286 0.133899428879835 -0.137206085532178
0.333333333333333 1.52302881778945E-16 -5.08539427955702E-17
0.380952380952381 -0.133899428879835 0.137206085532178
0.428571428571429 -0.241278433701291 0.247236823102498
0.476190476190476 -0.300869285642408 0.308299275696718
0.523809523809524 -0.300869285642408 0.308299275696718
0.571428571428571 -0.241278433701292 0.247236823102498
0.619047619047619 -0.133899428879836 0.137206085532178
0.666666666666667 -6.58532059610739E-16 1.59796065319032E-16
0.714285714285714 0.133899428879835 -0.137206085532178
0.761904761904762 0.241278433701291 -0.247236823102498
0.80952380952381 0.300869285642407 -0.308299275696718
0.857142857142857 0.300869285642408 -0.308299275696718
0.904761904761905 0.241278433701291 -0.247236823102498
0.952380952380952 0.133899428879835 -0.137206085532178
1 0 0
