2.70805020110221 0 0 0
2.83321334405622 0.693147180559945 0.375489428862018 0.500652571816024
2.94443897916644 1.38629436111989 0.709166334192691 0.945555112256921
3.04452243772342 1.94591014905531 1.00941670986364 1.34588894648485
3.13549421592915 2.30258509299405 1.28233204448082 1.70977605930776
3.2188758248682 2.63905732961526 1.53247687129797 2.04330249506396
3.29583686600433 3.04452243772342 1.76335999470636 2.35114665960848
3.36729582998647 3.3322045101752 1.97773688665279 2.63698251553706
3.43398720448515 3.61091791264422 2.17781101014881 2.90374801353174
3.49650756146648 3.85014760171006 2.36537208109281 3.15382944145708
3.55534806148941 4.12713438504509 2.54189358116161 3.38919144154881
3.61091791264422 4.33073334028633 2.70860313462604 3.61147084616806
3.66356164612965 4.54329478227 2.86653433508231 3.82204578010974
3.71357206670431 4.72738781871234 3.01656559680629 4.02208746240839
3.76120011569356 4.91265488573605 3.15944974377406 4.21259965836541
3.80666248977032 5.08759633523238 3.29583686600433 4.39444915467244
3.85014760171006 5.26269018890489 3.42629220182355 4.56838960243139
3.89182029811063 5.42053499927229 3.55131029102525 4.73508038803367
3.93182563272433 5.57594910314632 3.67132629486635 4.89510172648846
3.97029191355212 5.71702770140622 3.78672513734974 5.04896684979965
4.00733318523247 5.86078622346587 3.89784895239078 5.19713193652104
4.04305126783455 5.99396142730657 4.00500320019702 5.34000426692936
4.07753744390572 6.13988455222626 4.10846172841053 5.47794897121404
4.11087386417331 6.2709884318583 4.2084709892133 5.61129465228441
4.14313472639153 6.39692965521615 4.30525357586797 5.74033810115729
4.17438726989564 6.5206211275587 4.39901120638028 5.86534827517371
4.20469261939097 6.64898455002478 4.48992725486627 5.98656967315502
4.23410650459726 6.75925527066369 4.57816891048515 6.1042252139802
4.26267987704132 6.86589107488344 4.66388902781732 6.21851870375642
4.29045944114839 6.96885037834195 4.74722772013854 6.32963696018472
4.31748811353631 7.07242190053737 4.8283137373023 6.4377516497364
4.34380542185368 7.1731917424866 4.90726566225442 6.5430208830059
4.36944785246702 7.27239839257005 4.98419295409443 6.64559060545925
4.39444915467244 7.3790081276283 5.05919686071069 6.74559581428092
4.4188406077966 7.47193207824512 5.13237122008317 6.84316162677755
4.44265125649032 7.57455848420248 5.20380316616432 6.93840422155243
4.46590811865458 7.67415292128168 5.27357375265712 7.03143167020949
4.48863636973214 7.78530518253986 5.34175850588979 7.12234467451972
4.51085950651685 7.86901937649902 5.40842791624392 7.21123722165856
4.53259949315326 7.95962530509811 5.47364787615314 7.29819716820418
4.55387689160054 8.04750951098142 5.53748007149499 7.38330676199332
4.57471097850338 8.12503909736775 5.59998233220352 7.46664310960469
4.59511985013459 8.20958048347558 5.66120894709714 7.54827859612952
