Part 1: Test
A
    3.000     2.000     4.000 
    2.000     0.000     2.000 
    4.000     2.000     3.000 
A transformed
    3.000     2.000     4.000 
    2.000     0.000     2.000 
    4.000     2.000     3.000 
A back
    3.000     2.000     4.000 
    2.000     0.000     2.000 
    4.000     2.000     3.000 
VDVT
    3.000     2.000     4.000 
    2.000     0.000     2.000 
    4.000     2.000     3.000 
V
    0.533     0.521     0.667 
   -0.839     0.431     0.333 
   -0.113    -0.737     0.667 
D
   -1.000     0.000     0.000 
    0.000    -1.000     0.000 
    0.000     0.000     8.000 
VTAV
   -1.000     0.000     0.000 
    0.000    -1.000     0.000 
    0.000     0.000     8.000 
Part 2: Particel in a box
0 9.85121126943675 9.86960440108936
1 39.1847852966239 39.4784176043574
2 87.3454585100666 88.8264396098042
3 153.257401053292 157.91367041743
4 235.448249046093 246.740110027234
5 332.081994760597 355.305758439217
