-3.14159265358979 0.980161060665553 -1.52963427106627 0
-3.07812613533545 0.883052694287918 -1.52973569275957 0.0591258792876929
-3.01465961708111 0.78608600491205 -1.52516096513616 0.11209155479914
-2.95119309882678 0.68955920521011 -1.51586839369376 0.158915467540638
-2.88772658057244 0.593772482446321 -1.50183756521232 0.199635054842841
-2.8242600623181 0.499026626924131 -1.48306998466418 0.23430683237126
-2.76079354406376 0.405621624262512 -1.45958957667633 0.263006387895755
-2.69732702580942 0.313855220366449 -1.43144304325506 0.285828284801972
-2.63386050755508 0.224021468447897 -1.39870007060477 0.302885873906206
-2.57039398930074 0.136409267869642 -1.36145337911176 0.314311012742556
-2.5069274710464 0.0513009049187407 -1.319818611907 0.32025369212269
-2.44346095279206 -0.0310293941378377 -1.27393405885708 0.320881570418042
-2.37999443453772 -0.110316887210386 -1.22396021434448 0.316379416676807
-2.31652791628338 -0.186307707197101 -1.17007916877086 0.306948464357035
-2.25306139802904 -0.258760208935663 -1.11249383533205 0.292805678126265
-2.1895948797747 -0.327446261933521 -1.05142701525272 0.274182936841257
-2.12612836152037 -0.39215247876908 -0.987120306311446 0.251326136471362
-2.06266184326603 -0.45268136941442 -0.919832861114871 0.224494217359869
-1.99919532501169 -0.508852412190754 -0.849840003169356 0.193958120822287
-1.93572880675735 -0.560503032627707 -0.777431710332695 0.159999680652787
-1.87226228850301 -0.607489482152283 -0.702910976684086 0.122910455643771
-1.80879577024867 -0.649687609277676 -0.626592065209805 0.082990509712796
-1.74532925199433 -0.686993516788994 -0.548798664945363 0.0405471466704229
-1.68186273373999 -0.719324099324701 -0.469861967325227 -0.0041063929529076
-1.61839621548565 -0.746617456720095 -0.390118677452433 -0.0506522652777838
-1.55492969723131 -0.768833179502562 -0.309908976798389 -0.0987693786394865
-1.49146317897697 -0.785952503996945 -0.229574454465929 -0.148134763143888
-1.42799666072263 -0.797978335601586 -0.149456024586072 -0.198424945888654
-1.36453014246829 -0.804935139919572 -0.0698918476637415 -0.24931732346694
-1.30106362421395 -0.806868702562903 0.00878472626518345 -0.300491523386851
-1.23759710595962 -0.803845759577214 0.0862471749558644 -0.351630746127598
-1.17413058770528 -0.795953501548487 0.162177764398037 -0.402423079712401
-1.11066406945094 -0.783298955538459 0.236269435571878 -0.452562778907169
-1.0471975511966 -0.766008250039795 0.308227601445506 -0.501751501450447
-0.983731032942258 -0.744225769133786 0.377771839063548 -0.549699494081461
-0.920264514687919 -0.718113202961141 0.444637462666747 -0.596126721555236
-0.85679799643358 -0.687848502469992 0.508576965030143 -0.640763932312517
-0.79333147817924 -0.653624747175009 0.569361315596037 -0.683353655002753
-0.729864959924901 -0.61564893533921 0.626781105490221 -0.723651120634411
-0.666398441670562 -0.574140706568241 0.680647531126323 -0.761425105743459
-0.602931923416223 -0.529331007279858 0.730793209802864 -0.796458692620139
-0.539465405161883 -0.481460709874303 0.777072822458887 -0.82854994331052
-0.475998886907544 -0.430779196681062 0.819363580554016 -0.857512484804784
-0.412532368653205 -0.377542919892496 0.85756551585475 -0.883176003532069
-0.349065850398866 -0.322013948714644 0.891601593717279 -0.905386647994431
-0.285599332144526 -0.264458514871371 0.921417652235505 -0.924007339082798
-0.222132813890187 -0.205145567392618 0.946982171348968 -0.93891798831866
-0.158666295635848 -0.144345347304736 0.968285877657784 -0.950015624949635
-0.0951997773815085 -0.0823279924261403 0.985341192250432 -0.957214433488182
-0.0317332591271695 -0.0193621819612765 0.99818153029707 -0.960445703914763
0.03173325912717 0.0442861700121323 1.00686046247912 -0.959657697363227
0.095199777381509 0.10835516374484 1.01145074950083 -0.954815430662459
0.158666295635848 0.172588098036048 1.01204326194791 -0.945900383619123
0.222132813890187 0.236734582607202 1.00874579861233 -0.932910133387927
0.285599332144527 0.30055157262041 1.00168181708347 -0.915857920684531
0.349065850398866 0.363804320225049 0.990989090909106 -0.894772152949514
0.412532368653205 0.426267238935121 0.976818307953294 -0.869695849867391
0.475998886907544 0.487724677573761 0.959331624721645 -0.840686036881571
0.539465405161884 0.547971601458629 0.938701191391752 -0.807813092523474
0.602931923416223 0.606814179431612 0.91510766208166 -0.771160055492075
0.666398441670562 0.664070276247833 0.888738704520807 -0.730821897479812
0.729864959924901 0.719569850722058 0.859787522764931 -0.686904767743239
0.793331478179241 0.773155260876019 0.828451405930822 -0.639525215364659
0.85679799643358 0.824681478129093 0.794930315131725 -0.588809395046276
0.920264514687919 0.87401621331956 0.759425519884389 -0.534892262124921
0.983731032942258 0.92103995802744 0.722138294250024 -0.477916762296472
1.0471975511966 0.965645945287047 0.683268681880666 -0.418033021298818
1.11066406945094 1.00774003432302 0.643014337986825 -0.355397539525063
1.17413058770528 1.04724052441448 0.601569455039684 -0.290172396229254
1.23759710595962 1.08407790338525 0.559123777789105 -0.222524467650004
1.30106362421396 1.11819453653301 0.515861711934786 -0.152624663018087
1.36453014246829 1.149544302046 0.471961529549155 -0.0806471820372212
1.42799666072263 1.17809217911381 0.427594673133009 -0.00676879703796507
1.49146317897697 1.20381379502061 0.382925159004056 0.0688318373922465
1.55492969723131 1.22669493751701 0.338109079588153 0.145974844899605
1.61839621548565 1.24673103870591 0.293294203116201 0.224479755969732
1.68186273373999 1.26392663654997 0.248619668237398 0.304166103035508
1.74532925199433 1.27829481992181 0.204215770151673 0.384853980855683
1.80879577024867 1.2898566628755 0.160203834048587 0.466364571301406
1.87226228850301 1.29864065352756 0.116696170922994 0.548520632039225
1.93572880675735 1.30468212260263 0.0737961102239251 0.631146948930713
1.99919532501169 1.30802267633065 0.0315981032852428 0.714070752278198
2.06266184326603 1.30870963798468 -0.00981210891434367 0.79712209733108
2.12612836152037 1.30679550192958 -0.0503572704088028 0.880134209726131
2.1895948797747 1.30233740361641 -0.0899683342568094 0.962943796767241
2.25306139802904 1.29539660851433 -0.128584142934524 1.04539132565378
2.31652791628338 1.28603802252526 -0.166151072128505 1.12732126994275
2.37999443453772 1.27432972598364 -0.202622644851245 1.20858232567711
2.44346095279206 1.26034253290989 -0.237959122621744 1.28902759873235
2.5069274710464 1.24414957676562 -0.272127080198117 1.36851476502589
2.57039398930074 1.22582592355707 -0.305098970026979 1.44690620530026
2.63386050755508 1.2054482127537 -0.336852682194032 1.52406911623237
2.69732702580942 1.18309432613509 -0.367371105231401 1.59987559963977
2.76079354406376 1.15884308435421 -0.396641692668971 1.67420273155114
2.8242600623181 1.13277397071039 -0.424656039718921 1.74693261288567
2.88772658057244 1.10496688136336 -0.451409473963858 1.81795240344494
2.95119309882678 1.07550190099085 -0.476900663388488 1.88715434086505
3.01465961708112 1.04445910269697 -0.501131244561151 1.95443574610684
3.07812613533545 1.01191837081764 -0.524105473242677 2.01969901698106
3.14159265358979 0.977959245141047 -0.545829899183357 2.08285161111539
