-3.14159265358979 0.986960440108936 -1.62831853071796 0
-3.07812613533545 0.884062130846953 -1.61361190353898 0.0593687075083298
-3.01465961708111 0.782224807112216 -1.59488673624702 0.112239137142036
-2.95119309882678 0.681702826295868 -1.57216731702806 0.158686705700735
-2.88772658057244 0.582748493233378 -1.54549401751084 0.198802913426807
-2.8242600623181 0.485611044262015 -1.51492313020456 0.232695181443094
-2.76079354406376 0.390535643634085 -1.48052664182882 0.260486625082839
-2.69732702580942 0.297762396327016 -1.4423919434485 0.282315764024567
-2.63386050755508 0.207525381225361 -1.4006214785808 0.298336170399114
-2.57039398930074 0.120051708567739 -1.35533233069133 0.308716056285739
-2.5069274710464 0.0355606054540698 -1.30665575174034 0.313637802258333
-2.44346095279206 -0.0457374669045907 -1.25473663367739 0.313297428880099
-2.37999443453772 -0.123641660639059 -1.19973292501261 0.307904013274811
-2.31652791628338 -0.19796154996551 -1.14181499481381 0.297679053123908
-2.25306139802904 -0.268517897962898 -1.08116494669033 0.28285578065039
-2.1895948797747 -0.335143378296776 -1.01797588552614 0.263678429351857
-2.12612836152037 -0.397683248983387 -0.952451139914576 0.240401456435295
-2.06266184326603 -0.455995975481022 -0.884803443425888 0.213288724084592
-1.99919532501169 -0.50995380059966 -0.815254078004224 0.182612642857539
-1.93572880675735 -0.559443258934084 -0.744031982943341 0.148653280661536
-1.87226228850301 -0.604365633749022 -0.671372833028876 0.111697440895862
-1.80879577024867 -0.644637354476594 -0.597518089559161 0.0720377134724903
-1.74532925199433 -0.680190333225499 -0.522714028065796 0.0299715025366645
-1.68186273373999 -0.710972238946919 -0.447210746649009 -0.0141999651977461
-1.61839621548565 -0.73694670815318 -0.371261158920872 -0.0601726475050264
-1.55492969723131 -0.758093491340689 -0.295119975611454 -0.107640705041466
-1.49146317897697 -0.774408534527533 -0.219042678938606 -0.156297526975571
-1.42799666072263 -0.785903995577434 -0.143284493871241 -0.205836759724786
-1.36453014246829 -0.792608195244324 -0.068099360428468 -0.255953334656361
-1.30106362421395 -0.794565503134667 0.00626108884724419 -0.306344490614183
-1.23759710595962 -0.791836159046707 0.0795485421254987 -0.356710787154214
-1.17413058770528 -0.784496030406068 0.151519008152074 -0.40675710440859
-1.11066406945094 -0.772636306774404 0.221933798715587 -0.456193625552286
-1.0471975511966 -0.756363132661223 0.290560489760681 -0.504736797916303
-0.983731032942258 -0.735797180117407 0.357173857277659 -0.552110268877301
-0.920264514687919 -0.711073162831453 0.421556784200083 -0.5980457927552
-0.85679799643358 -0.682339293684999 0.483501134658569 -0.642284105066974
-0.79333147817924 -0.649756687951857 0.542808592070473 -0.684575760616337
-0.729864959924901 -0.613498714543674 0.599291457690775 -0.724681932044625
-0.666398441670562 -0.57375029791451 0.652773406408675 -0.762375165627399
-0.602931923416223 -0.530707173435332 0.703090196746588 -0.797440091273429
-0.539465405161883 -0.484575099236759 0.7500903322026 -0.82967408386716
-0.475998886907544 -0.435569027693688 0.793635671273415 -0.858887873291652
-0.412532368653205 -0.383912239887951 0.833601983701429 -0.884906100675661
-0.349065850398866 -0.3298354465342 0.869879450706135 -0.907567818625037
-0.285599332144526 -0.27357585898929 0.902373107185592 -0.926726933424196
-0.222132813890187 -0.215376234085863 0.93100322410737 -0.942252587427065
-0.158666295635848 -0.15548389663627 0.955705629549225 -0.954029480097761
-0.0951997773815085 -0.0941497435428334 0.976431967096783 -0.961958126408265
-0.0317332591271695 -0.0316272335245843 0.993149890557751 -0.965955051552642
0.03173325912717 0.0318286334715512 1.00584319420862 -0.96595292119374
0.095199777381509 0.0959623430655316 1.01451187804939 -0.961900606717917
0.158666295635848 0.16051889531043 1.01917214780356 -0.95376318523504
0.222132813890187 0.225244831487218 1.01985634966344 -0.941521874323761
0.285599332144527 0.28988925469357 1.0166128400434 -0.925173901784812
0.349065850398866 0.354204840117137 1.00950579086568 -0.904732310926792
0.412532368653205 0.417948830925276 0.998614931162711 -0.880225702168491
0.475998886907544 0.480884015761133 0.984035226036432 -0.851697911998208
0.539465405161884 0.542779683910054 0.965876494267354 -0.819207630582807
0.602931923416223 0.603412554290209 0.944262966113077 -0.782827959566249
0.666398441670562 0.662567674526701 0.9193327830769 -0.742645911838188
0.729864959924901 0.720039286488909 0.891237441660735 -0.698761855286897
0.793331478179241 0.775631654805869 0.860141183342169 -0.651288902776318
0.85679799643358 0.829159855023518 0.826220333232001 -0.600352250803609
0.920264514687919 0.880450518230211 0.789662590075251 -0.546088469500146
0.983731032942258 0.929342529152136 0.750666270454562 -0.488644746834933
1.0471975511966 0.975687674907654 0.709439510239319 -0.42817809006371
1.11066406945094 1.01935124180827 0.666199426495961 -0.364854487639274
1.17413058770528 1.0602125578031 0.621171243234184 -0.29884803495768
1.23759710595962 1.09816547838263 0.574587384509345 -0.230340027460642
1.30106362421396 1.13311881398522 0.526686538532826 -0.159518024745899
1.36453014246829 1.16499669718523 0.477712696558849 -0.0865748894540328
1.42799666072263 1.19373888818443 0.427914170417812 -0.0117078048017968
1.49146317897697 1.21930101737635 0.377542592652183 0.0648827252819815
1.55492969723131 1.24165476400706 0.32685190328107 0.142993889391838
1.61839621548565 1.26078797021284 0.276097327273388 0.222421591172499
1.68186273373999 1.27670468997559 0.225534346846987 0.302961477019756
1.74532925199433 1.28942517279892 0.175417672731936 0.384409964817183
1.80879577024867 1.29898578217049 0.126000218540306 0.466565269566352
1.87226228850301 1.30543884913913 0.0775320823723266 0.549228421780675
1.93572880675735 1.30885246159613 0.0302595397595977 0.632204274542195
1.99919532501169 1.30931019010938 -0.0155759479995495 0.715302495166222
2.06266184326603 1.30691075141414 -0.0597387061194777 0.798338537480761
2.12612836152037 1.30176761091564 -0.101999795306429 0.881134590805698
2.1895948797747 1.2940085258039 -0.142137933616257 0.963520501810526
2.25306139802904 1.28377503062062 -0.179940387478714 1.04533466553864
2.31652791628338 1.27122186734956 -0.215203828300456 1.12642488201034
2.37999443453772 1.25651636232517 -0.247735151197526 1.20664917495532
2.44346095279206 1.23983775246849 -0.277352252560566 1.28587656937784
2.5069274710464 1.22137646356335 -0.303884763321779 1.36398782482377
2.57039398930074 1.20133334347893 -0.327174734971033 1.44087612139661
2.63386050755508 1.1799188534263 -0.347077275558769 1.51644769576044
2.69732702580942 1.15735222050536 -0.363461133124737 1.59062242456866
2.76079354406376 1.13386055495474 -0.376209224203321 1.66333435296929
2.8242600623181 1.10967793565899 -0.385219105277326 1.73453216605878
2.88772658057244 1.08504446759554 -0.390403385281869 1.80417960138589
2.95119309882678 1.06020531501669 -0.391690077497352 1.87225580084467
3.01465961708112 1.03540971425971 -0.389022889414572 1.93875560053954
3.07812613533545 1.01090997016008 -0.382361449404794 2.00368975745543
3.14159265358979 0.986960440108936 -0.371681469282041 2.06708511201999
