-3.14159265358979 0.986960440108936
-2.69279370307697 0.291230053615538
-2.24399475256414 -0.278280237514491
-1.79519580205131 -0.652655115411559
-1.34639685153848 -0.79364946399855
-0.897597901025655 -0.701263283275464
-0.448798950512828 -0.413741689319417
0 0
0.448798950512828 0.4540257889157
0.897597901025655 0.862399681660596
1.34639685153848 1.1562063603651
1.79519580205131 1.29720070895209
2.24399475256414 1.28538272742157
2.69279370307697 1.15899753185065
3.14159265358979 0.986960440108936
