1 119.975700195713 0.870187046100428
1.07035175879397 118.537857193449 0.859758331345234
1.14070351758794 117.117245951416 0.84945459901989
1.21105527638191 115.713659956411 0.839274351278482
1.28140703517588 114.326895170182 0.82921610822596
1.35175879396985 112.956749999761 0.819278407703006
1.42211055276382 111.603025268165 0.809459805073476
1.49246231155779 110.265524185433 0.799758873014403
1.56281407035176 108.944052320028 0.790174201308499
1.63316582914573 107.638417570565 0.780704396639161
1.7035175879397 106.348430137893 0.771348082387918
1.77386934673367 105.073902497496 0.762103898434321
1.84422110552764 103.814649372237 0.752970500958216
1.91457286432161 102.570487705426 0.743946562244398
1.98492462311558 101.341236634206 0.7350307704896
2.05527638190955 100.126717463261 0.7262218296118
2.12562814070352 98.9267536388424 0.717518459061806
2.19597989949749 97.7411707231002 0.708919393637108
2.26633165829146 96.5697963687269 0.700423383297955
2.33668341708543 95.4124602939028 0.692029192985635
2.4070351758794 94.2689942575427 0.68373560244294
2.47738693467337 93.1392320348383 0.675541406036774
2.54773869346734 92.0230093930949 0.667445412582894
2.61809045226131 90.9201640678562 0.659446445172747
2.68844221105528 89.8305357393167 0.651543341002382
2.75879396984925 88.7539660090159 0.64373495120342
2.82914572864322 87.6902983768119 0.636020140676035
2.89949748743719 86.6393782181314 0.628397787923954
2.96984924623116 85.6010527614916 0.620866784891421
3.04020100502513 84.5751710662923 0.613426036802119
3.1105527638191 83.5615840008739 0.606074462000027
3.18090452261307 82.5601442208375 0.598810991792179
3.25125628140704 81.5707061476265 0.591634570293306
3.32160804020101 80.5931259473632 0.584544154272348
3.39195979899498 79.6272615099403 0.577538713000796
3.46231155778894 78.6729724283622 0.570617228102856
3.53266331658291 77.7301199783339 0.563778693407411
3.60301507537688 76.7985670980954 0.557022114801754
3.67336683417085 75.8781783684967 0.550346510087073
3.74371859296482 74.9688199933118 0.54375090883567
3.81407035175879 74.0703597797895 0.537234352249892
3.88442211055276 73.182667119436 0.530795893022749
3.95477386934673 72.3056129690289 0.524434595200207
4.0251256281407 71.4390698318579 0.518149534045128
4.09547738693467 70.5829117391909 0.511939795902842
4.16582914572864 69.7370142319622 0.505804478068328
4.23618090452261 68.9012543426796 0.499742688654991
4.30653266331658 68.075510577549 0.493753546465008
4.37688442211055 67.2596628988126 0.487836180861229
4.44723618090452 66.4535927072997 0.481989731640611
4.51758793969849 65.6571828251854 0.476213348909177
4.58793969849246 64.8703174789567 0.470506192958459
4.65829145728643 64.0928822825831 0.464867434143438
4.7286432160804 63.3247642208875 0.459296252761934
4.79899497487437 62.565851633118 0.453791838935449
4.86934673366834 61.8160341967156 0.448353392491433
4.93969849246231 61.0752029112767 0.44298012284697
5.01005025125628 60.3432500827077 0.437671248893842
5.08040201005025 59.6200693075698 0.432425998884988
5.15075376884422 58.9055554576109 0.42724361032231
5.22110552763819 58.1996046644836 0.422123329845833
5.29145728643216 57.5021143046456 0.41706441312419
5.36180904522613 56.8129829844415 0.412066124746414
5.4321608040201 56.1321105253632 0.407127738115039
5.50251256281407 55.4593979494874 0.402248535340468
5.57286432160804 54.7947474650865 0.397427807136619
5.64321608040201 54.1380624524136 0.392664852717815
5.71356783919598 53.4892474496562 0.38795897969691
5.78391959798995 52.8482081390594 0.383309503984641
5.85427135678392 52.214851333215 0.378715749690177
5.92462311557789 51.5890849615146 0.37417704902287
5.99497487437186 50.9708180567657 0.369692742195175
6.06532663316583 50.3599607419677 0.365262177326741
6.1356783919598 49.7564242172466 0.360884710349644
6.20603015075377 49.1601207469462 0.356559704914764
6.27638190954774 48.5709636468742 0.352286532299272
6.34673366834171 47.9888672717005 0.34806457131524
6.41708542713568 47.4137470025076 0.343893208219338
6.48743718592965 46.8455192344893 0.339771836623611
6.55778894472362 46.2841013647971 0.335699857407332
6.62814070351759 45.7294117805325 0.331676678629908
6.69849246231156 45.1813698468825 0.327701715444829
6.76884422110553 44.6398958953987 0.323774390014651
6.8391959798995 44.1049112124148 0.319894131426993
6.90954773869347 43.5763380276052 0.316060375611548
6.97989949748744 43.0540995026785 0.312272565258081
7.05025125628141 42.5381197202084 0.308530149735415
7.12060301507538 42.0283236725973 0.304832585011386
7.19095477386935 41.5246372511726 0.301179333573757
7.26130653266332 41.0269872354133 0.297569864352082
7.33165829145729 40.5353012823065 0.2940036526405
7.40201005025126 40.0495079158304 0.290480180021466
7.47236180904523 39.5695365165642 0.286998934290383
7.5427135678392 39.0953173114224 0.283559409381144
7.61306532663317 38.6267813635113 0.28016110529257
7.68341708542714 38.1638605621083 0.27680352801572
7.75376884422111 37.7064876127605 0.27348618946208
7.82412060301507 37.254596027502 0.270208607392609
7.89447236180905 36.8081201151888 0.266970305347636
7.96482412060301 36.3669949719493 0.2637708125776
8.03517587939698 35.9311564717491 0.260609663974613
8.10552763819095 35.5005412570693 0.257486400004852
8.17587939698493 35.075086729696 0.254400566641754
8.24623115577889 34.6547310416208 0.251351715300016
8.31658291457286 34.2394130860496 0.248339402770383
8.38693467336683 33.8290724885196 0.245363191155221
8.4572864321608 33.4236495981232 0.242422647804859
8.52763819095477 33.023085478836 0.239517345254694
8.59798994974874 32.6273219009495 0.236646861163054
8.66834170854271 32.2363013326065 0.233810778249799
8.73869346733668 31.8499669314375 0.231008684235662
8.80904522613065 31.4682625362976 0.22824017178232
8.87939698492462 31.0911326591025 0.225504838433172
8.94974874371859 30.7185224767622 0.222802286554844
9.02010050251256 30.3503778232112 0.220132123279376
9.09045226130653 29.9866451815349 0.217493960447117
9.1608040201005 29.6272716761893 0.214887414550295
9.23115577889447 29.272205065315 0.212312106677271
9.30150753768844 28.9213937331425 0.209767662457452
9.37185929648241 28.5747866824892 0.207253712006872
9.44221105527638 28.2323335273456 0.204769889874423
9.51256281407035 27.8939844855509 0.202315834988726
9.58291457286432 27.5596903715564 0.199891190605646
9.65326633165829 27.2294025892751 0.197495604256431
9.72361809045226 26.9030731250175 0.195128727696472
9.79396984924623 26.5806545405117 0.192790216854682
9.8643216080402 26.2620999660078 0.190479731783479
9.93467336683417 25.9473630934639 0.188196936609364
10.0050251256281 25.6363981698146 0.185941499484098
10.0753768844221 25.3291599903202 0.183713092536462
10.1457286432161 25.0256038919946 0.181511391824595
10.2160804020101 24.7256857471134 0.179336077288898
10.286432160804 24.4293619567987 0.177186832705515
10.356783919598 24.1365894446813 0.175063345640357
10.427135678392 23.8473256506386 0.172965307403688
10.4974874371859 23.5615285246078 0.170892413005247
10.5678391959799 23.279156520473 0.168844361109916
10.6381909547739 23.0001685900258 0.166820853993912
10.7085427135678 22.724524176998 0.16482159750151
10.7788944723618 22.4521832111661 0.162846301002279
10.8492462311558 22.1831061025262 0.160894677348834
10.9195979899497 21.9172537355389 0.158966442835094
10.9899497487437 21.6545874634432 0.157061317155042
11.0603015075377 21.3950691026383 0.155179023361971
11.1306532663317 21.1386609271329 0.153319287828233
11.2010050251256 20.8853256630609 0.151481840205454
11.2713567839196 20.6350264832634 0.149666413385239
11.3417085427136 20.3877270019344 0.147872743460339
11.4120603015075 20.1433912693321 0.146100569686291
11.4824120603015 19.9019837665527 0.144349634443509
11.5527638190955 19.6634694003667 0.142619683199838
11.6231155778894 19.4278134981181 0.140910464473551
11.6934673366834 19.1949818026832 0.139221729796791
11.7638190954774 18.9649404674917 0.137553233679454
11.8341708542714 18.7376560516055 0.135904733573499
11.9045226130653 18.5130955148578 0.13427598983769
11.9748743718593 18.2912262130505 0.132666765702759
12.0452261306533 18.0720158932078 0.131076827236991
12.1155778894472 17.8554326888885 0.129505943312212
12.1859296482412 17.641445115553 0.127953885570192
12.2562814070352 17.4300220659869 0.126420428389451
12.3266331658291 17.2211328057784 0.124905348852458
12.3969849246231 17.014746968851 0.123408426713227
12.4673366834171 16.810834553049 0.121929444365297
12.5376884422111 16.609365915776 0.120468186810105
12.608040201005 16.4103117696858 0.119024441625724
12.678391959799 16.2136431784251 0.11759799893599
12.748743718593 16.019331552427 0.11618865137999
12.8190954773869 15.8273486447547 0.114796194081915
12.8894472361809 15.6376665469955 0.113420424621283
12.9597989949749 15.450257685204 0.11206114300351
13.0301507537688 15.2650948158929 0.110718151630837
13.1005025125628 15.0821510220737 0.109391255273606
13.1708542713568 14.901399709343 0.10808026104188
13.2412060301508 14.7228146020166 0.1067849783574
13.3115577889447 14.5463697393102 0.105505218925885
13.3819095477387 14.3720394715653 0.104240796709658
13.4522613065327 14.1997984565203 0.1029915279006
13.5226130653266 14.0296216556268 0.101757230893434
13.5929648241206 13.8614843304098 0.100537726259319
13.6633165829146 13.6953620388712 0.0993328367197737
13.7336683417085 13.5312306319369 0.0981423871209006
13.8040201005025 13.3690662499461 0.0969662044079261
13.8743718592965 13.2088453191833 0.0958041176000429
13.9447236180905 13.0505445484507 0.0946559577655554
14.0150753768844 12.8941409256828 0.0935215579973212
14.0854271356784 12.7396117146014 0.092400753388489
14.1557788944724 12.5869344514096 0.0912933810085256
14.2261306532663 12.4360869415273 0.0901992798795308
14.2964824120603 12.287047256364 0.0891182909528363
14.3668341708543 12.1397937301315 0.0880502570858851
14.4371859296482 11.9943049566939 0.0869950230193873
14.5075376884422 11.8505597864564 0.0859524353547509
14.5778894472362 11.7085373232904 0.0849223425317815
14.6482412060302 11.5682169214959 0.0839045948066509
14.7185929648241 11.4295781828005 0.0828990442301284
14.7889447236181 11.2926009533936 0.0819055446260738
14.8592964824121 11.1572653209971 0.0809239515701878
14.929648241206 11.0235516119709 0.0799541223690171
15 10.8914403884522 0.0789959160392114
