    -5.469     -4.45705812
    -5.406     -4.30646706
    -5.344     -4.11408489
    -5.281     -3.87219762
    -5.219     -3.56517109
    -5.156     -3.15948039
    -5.094     -2.56660956
    -5.031     -1.37355349
    -4.969     -1.26692147
    -4.906     -2.24672150
    -4.844     -2.62636032
    -4.781     -2.81885908
    -4.719     -2.91274978
    -4.656     -2.94157347
    -4.594     -2.92098046
    -4.531     -2.85870097
    -4.469     -2.75800805
    -4.406     -2.61891137
    -4.344     -2.43815724
    -4.281     -2.20803481
    -4.219     -1.91291318
    -4.156     -1.51927082
    -4.094     -0.93859526
    -4.031      0.24211497
    -3.969      0.33624683
    -3.906     -0.65621160
    -3.844     -1.04867111
    -3.781     -1.25415706
    -3.719     -1.36120585
    -3.656     -1.40336307
    -3.594     -1.39628377
    -3.531     -1.34770313
    -3.469     -1.26089933
    -3.406     -1.13588738
    -3.344     -0.96941921
    -3.281     -0.75378979
    -3.219     -0.47337431
    -3.156     -0.09465759
    -3.094      0.47086616
    -3.031      1.63619147
    -2.969      1.71469801
    -2.906      0.70636623
    -2.844      0.29777735
    -2.781      0.07589759
    -2.719     -0.04781826
    -2.656     -0.10692503
    -2.594     -0.11708755
    -2.531     -0.08605122
    -2.469     -0.01710503
    -2.406      0.08972460
    -2.344      0.23767372
    -2.281      0.43443466
    -2.219      0.69561878
    -2.156      1.05472702
    -2.094      1.60025011
    -2.031      2.74516655
    -1.969      2.80283900
    -1.906      1.77322982
    -1.844      1.34290095
    -1.781      1.09879805
    -1.719      0.95235396
    -1.656      0.86999032
    -1.594      0.83601716
    -1.531      0.84266203
    -1.469      0.88660692
    -1.406      0.96779411
    -1.344      1.08942593
    -1.281      1.25915820
    -1.219      1.49256275
    -1.156      1.82309762
    -1.094      2.33920682
    -1.031      3.45381792
    -0.969      3.48023783
    -0.906      2.41836778
    -0.844      1.95470249
    -0.781      1.67611342
    -0.719      1.49395124
    -0.656      1.37454633
    -0.594      1.30210689
    -0.531      1.26874643
    -0.469      1.27101862
    -0.406      1.30872070
    -0.344      1.38489015
    -0.281      1.50699436
    -0.219      1.69038850
    -0.156      1.96827963
    -0.094      2.42881898
    -0.031      3.48458958
     0.031      3.44848913
     0.094      2.31992771
     0.156      1.78480345
     0.219      1.42925334
     0.281      1.16370955
     0.344      0.95333287
     0.406      0.78080996
     0.469      0.63622387
     0.531      0.51333292
     0.594      0.40793416
     0.656      0.31704952
     0.719      0.23848304
     0.781      0.17056274
     0.844      0.11198164
     0.906      0.06169537
     0.969      0.01885367
     1.031     -0.01724678
     1.094     -0.04719590
     1.156     -0.07149454
     1.219     -0.09057241
     1.281     -0.10480177
     1.344     -0.11450776
     1.406     -0.11997658
     1.469     -0.12146183
     1.531     -0.11918964
     1.594     -0.11336277
     1.656     -0.10416395
     1.719     -0.09175865
     1.781     -0.07629734
     1.844     -0.05791739
     1.906     -0.03674471
     1.969     -0.01289503
     2.031      0.01352488
     2.094      0.04241626
     2.156      0.07368747
     2.219      0.10725333
     2.281      0.14303439
     2.344      0.18095645
     2.406      0.22095001
     2.469      0.26294987
     2.531      0.30689476
     2.594      0.35272696
     2.656      0.40039206
     2.719      0.44983863
     2.781      0.50101803
     2.844      0.55388415
     2.906      0.60839325
     2.969      0.66450380
     3.031      0.72217625
     3.094      0.78137297
     3.156      0.84205807
     3.219      0.90419730
     3.281      0.96775793
     3.344      1.03270866
     3.406      1.09901952
     3.469      1.16666182
     3.531      1.23560801
     3.594      1.30583167
     3.656      1.37730742
     3.719      1.45001085
     3.781      1.52391850
     3.844      1.59900775
     3.906      1.67525684
     3.969      1.75264479
     4.031      1.83115133
     4.094      1.91075692
     4.156      1.99144269
     4.219      2.07319039
     4.281      2.15598238
     4.344      2.23980159
     4.406      2.32463150
     4.469      2.41045612
     4.531      2.49725992
     4.594      2.58502789
     4.656      2.67374545
     4.719      2.76339844
     4.781      2.85397314
     4.844      2.94545620
     4.906      3.03783468
     4.969      3.13109597
     5.031      3.22522783
     5.094      3.32021834
     5.156      3.41605591
     5.219      3.51272926
     5.281      3.61022740
     5.344      3.70853962
     5.406      3.80765549
     5.469      3.90756484
