0 1 0.5
1E-05 1.000005 0.499999999975
3E-05 1.000015 0.499999999775
7E-05 1.00003499999997 0.499999998775
0.00015 1.00007499999972 0.499999994375
0.00031 1.00015499999752 0.499999975975
0.00063 1.00031499997916 0.499999900775003
0.00127 1.0006349998293 0.49999959677505
0.00255 1.00127499861822 0.499998374375821
0.00511 1.00255498888061 0.499993471988251
0.01023 1.00511491078377 0.4999738369879
0.0202685582960456 1.01013358527471 0.499897299675295
0.033207210353195 1.01660055380774 0.499724344816832
0.0474624194333198 1.02372230084991 0.499436933727847
0.0622741853927971 1.03111697113566 0.499030792069756
0.0773315856956762 1.03862726609328 0.498505697630169
0.0925149922552679 1.04619153746663 0.497861764965851
0.107779894133648 1.05378567159798 0.497098677878042
0.123110434529038 1.061399843945 0.496215731340909
0.138501580418859 1.06902959870394 0.495211981075229
0.153952383358432 1.07667247737766 0.494086350472505
0.169463447597835 1.08432675175482 0.492837689552155
0.18503598187732 1.09199094859775 0.491464803882885
0.200671445609128 1.09966367121223 0.489966467704746
0.216371417929684 1.10734353216938 0.48834142940191
0.232137550333319 1.11502912759413 0.486588413432442
0.247971550707279 1.12271902697228 0.484706120645599
0.263875179233438 1.13041176873033 0.482693227854226
0.279850248852164 1.13810585794165 0.48054838703837
0.295898627564687 1.14579976479381 0.478270224336876
0.312022241566742 1.15349192330435 0.475857338888045
0.328223078850308 1.16118073009058 0.473308301538948
0.344503193152452 1.16886454311752 0.470621653425096
0.360864708222884 1.17654168039205 0.467795904413849
0.377309822418181 1.1842104185875 0.46482953140076
0.393840813646386 1.19186899158832 0.461720976445355
0.410365893899692 1.1994724228884 0.458487427282761
0.426695409914843 1.20693237297248 0.455169155374256
0.442768524586294 1.21422131402011 0.451784455484353
0.458573679690747 1.22133478356982 0.448342366813549
0.474116999031276 1.22827649488594 0.444848069529989
0.489410175519895 1.23505267494042 0.441305112077597
0.504465984304025 1.2416699887461 0.437716320705015
0.519296717835035 1.24813482715031 0.434084170892414
0.533913717109771 1.25445310138904 0.430410940970151
0.548327300005802 1.26063021886888 0.42669877785922
0.562546822823013 1.2666711183675 0.42294972726218
0.576580777700017 1.272580320225 0.419165749293153
0.590436891655927 1.27836197615923 0.415348727956756
0.604122216507118 1.28401991405281 0.411500477857905
0.617643207381352 1.28955767686752 0.407622749520538
0.631005790397653 1.29497855608873 0.40371723389423
0.644215420866507 1.30028562042349 0.399785566307714
0.657277133434719 1.3054817404818 0.395829329998353
0.670195585448044 1.31056961008352 0.391850059291956
0.682975094607737 1.31555176473005 0.38784924248302
0.695619671813389 1.32043059768666 0.383828324453166
0.708133049927959 1.32520837404234 0.379788709058495
0.720518709072532 1.32988724304969 0.375731761311724
0.732779898953683 1.33446924899547 0.371658809381546
0.744919658642206 1.33895634080983 0.367571146428626
0.756940834152977 1.34335038058843 0.363470032295352
0.768846094120639 1.34765315117381 0.359356695064145
0.780637943818733 1.35186636291913 0.355232332497747
0.792318737733506 1.3559916597392 0.351098113372948
0.80389069087116 1.36003062453757 0.346955178718278
0.815355888952474 1.36398478408615 0.342804642964667
0.826716297626253 1.36785561342242 0.338647595017297
0.837973770815099 1.37164453982071 0.334485099255943
0.849130058291724 1.3753529463861 0.330318196470254
0.860186812570857 1.37898217531324 0.326147904735841
0.871145595191232 1.38253353084676 0.321975220236257
0.882007882451759 1.38600828197522 0.317801118035778
0.892775070659009 1.38940766488684 0.313626552807052
0.903448480935846 1.39273288521148 0.309452459517386
0.914029363634659 1.39598512007057 0.305279754077256
0.924518902394094 1.39916551995419 0.301109333954072
0.934918217873515 1.402275210442 0.296942078754023
0.945228371195328 1.40531529378323 0.292778850774662
0.955450367122559 1.40828685034894 0.288620495530389
0.965585156995156 1.41119093996838 0.284467842253221
0.975633641446806 1.41402860316001 0.280321704370631
0.98559667292146 1.41680086226683 0.27618287996226
0.995475058006757 1.41950872250426 0.272052152197131
1.00526955959944 1.42215317292826 0.267930289752997
1.014980898917 1.42473518733058 0.263818047219073
1.02460975736788 1.4272557250672 0.259716165483502
1.03415677829149 1.42971573182558 0.255625372106696
1.04362256857839 1.43211614033579 0.251546381681645
1.05300770017947 1.43445787102987 0.247479896182284
1.0623127115127 1.43674183265373 0.243426605300831
1.07153810877521 1.43896892283526 0.239387186774853
1.08068436716707 1.44114002861201 0.235362306705076
1.08975193203356 1.44325602692161 0.231352619864512
1.09874121993098 1.44531778505762 0.227358769999857
1.10765261962166 1.44732616109348 0.223381390125637
1.11648649300273 1.44928200427692 0.219421102811779
1.12524317597287 1.45118615539689 0.215478520465282
1.13392297924092 1.45303944712502 0.211554245606527
1.14252618907998 1.4548427043334 0.207648871140782
1.1510530680302 1.45659674439037 0.203762980625394
1.15950385555347 1.45830237743579 0.199897148533136
1.16787876864216 1.45996040663718 0.196051940512327
1.17617800238477 1.46157162842801 0.192227913644123
1.18440173049082 1.46313683272941 0.188425616697269
1.19255010577657 1.46465680315622 0.184645590381069
1.20062326061376 1.46613231720856 0.180888367596754
1.20862130734287 1.46756414644967 0.177154473687749
1.2165443386524 1.46895305667103 0.173444426689337
1.2243924279256 1.47029980804546 0.169758737577953
1.2321656295556 1.47160515526893 0.166097910520796
1.2398639792302 1.47286984769172 0.162462443125921
1.24748749418712 1.47409462943972 0.158852826693375
1.25503617344057 1.47528023952622 0.155269546467792
1.26250999797963 1.47642741195484 0.151713081892864
1.26990893093901 1.47753687581407 0.148183906868191
1.27723291774285 1.47860935536392 0.144682490008879
1.28448188622132 1.479645570115 0.141209294908546
1.29165574670095 1.48064623490052 0.137764780405925
1.29875439206766 1.48161205994144 0.134349400856134
1.30577769780367 1.4825437509053 0.130963606406492
1.31272552199705 1.4834420089588 0.127607843278058
1.31959770532417 1.48430753081463 0.124282554053141
1.32639407100438 1.48514100877258 0.120988177969642
1.33311442472632 1.48594313075539 0.117725151222857
1.3397585545449 1.4867145803394 0.114493907275637
1.34632623074878 1.48745603678025 0.111294877177379
1.35281720569614 1.48816817503383 0.108128489893222
1.35923121361842 1.4888516657726 0.104995172644021
1.36556797039005 1.48950717539741 0.101895351258319
1.37182717326253 1.49013536604502 0.0988294505374755
1.37802672294462 1.49073864117556 0.0957889522232009
1.38420250076995 1.49132085025941 0.0927564519637979
1.39036791842854 1.49188339076702 0.0897255099622312
1.39652805449816 1.4924267758041 0.086693758089167
1.40268487412665 1.49295119719338 0.0836603512789645
1.40883917583037 1.49345672961648 0.0806250157012517
1.41499132036213 1.49394340484416 0.0775876919474948
1.4211415039868 1.49441123874343 0.0745484010905933
1.42728986100167 1.49486024110094 0.0715071943843576
1.43343650221122 1.49529041919465 0.0684641343730519
1.43958152937469 1.49570177909268 0.0654192877988323
1.44572504063851 1.49609432612662 0.062372722940838
1.45186713258619 1.49646806506517 0.0593245086189252
1.45800790101903 1.49682300017913 0.0562747138225757
1.4641474412606 1.49715913526693 0.0532234075745465
1.47028584828214 1.49747647366573 0.0501706588828279
1.47642321676101 1.4977750182573 0.047116536725552
1.4825596411139 1.49805477147181 0.0440611100483394
1.48869521552008 1.49831573529077 0.0410044477664222
1.49483003394133 1.49855791124958 0.0379466187683429
1.50096419014034 1.49878130043985 0.0348876919203536
1.50709777769849 1.49898590351142 0.0318277360710042
1.51323089003307 1.49917172067426 0.0287668200559791
1.51936362041484 1.49933875170021 0.0257050127026861
1.52549606198507 1.49948699592448 0.0226423828350517
1.53162830777264 1.49961645224703 0.0195789992782235
1.53776045071098 1.4997271191338 0.016514930863343
1.54389258365493 1.49981899461769 0.0134502464322849
1.5500247993978 1.49989207629947 0.0103850148423016
1.55615719068819 1.49994636134845 0.00731930497073622
1.56228985024654 1.49998184650302 0.00425318571986587
1.5684228707823 1.49999852807105 0.00118672602144135
1.57455634501046 1.49999640193004 -0.00188000515849209
1.58069036566827 1.49997546352721 -0.00494693881483597
1.58682502553209 1.49993570787936 -0.00801400589875677
1.59296041743415 1.49987712957257 -0.0110811373129302
1.59909663427931 1.49979972276178 -0.0141482639067558
1.60523376906187 1.49970348117014 -0.0172153164716077
1.61137191488256 1.49958839808825 -0.0202822257360959
1.61751116496517 1.49945446637324 -0.0233489223611261
1.62365161267375 1.49930167844759 -0.0264153369352103
1.62979335152971 1.49913002629793 -0.0294813999696343
1.63593647522873 1.49893950147353 -0.0325470418935335
1.64208107765785 1.49873009508473 -0.0356121930489176
1.64822725291317 1.49850179780112 -0.0386767836859946
1.65437509531687 1.49825459984963 -0.0417407439580138
1.66052469943477 1.49798849101235 -0.0448040039163529
1.66667616009416 1.49770346062423 -0.0478664935055922
1.67282957240144 1.49739949757065 -0.0509281425584278
1.67898503176 1.4970765902847 -0.0539888807905665
1.68514263388831 1.49673472674436 -0.0570486377956603
1.69130247483816 1.49637389446947 -0.0601073430401368
1.69746465101296 1.49599408051857 -0.0631649258579526
1.70362925918652 1.49559527148539 -0.0662213154454792
1.70979639652176 1.49517745349539 -0.0692764408561499
1.71596616058964 1.49474061220187 -0.0723302309950984
1.72213864938846 1.49428473278206 -0.0753826146138375
1.72831396136332 1.49380979993288 -0.0784335203048082
1.73449219542562 1.49331579786661 -0.0814828764957947
1.74067345097328 1.49280271030627 -0.0845306114445121
1.74685782791086 1.49227052048079 -0.0875766532329482
1.75304542666998 1.49171921112003 -0.0906209297616416
1.75923634823018 1.49114876444953 -0.0936633687439786
1.76543069414 1.49055916218501 -0.0967038977003588
1.77162856653836 1.48995038552671 -0.0997424439523191
1.7778300681766 1.48932241515345 -0.102778934616687
1.78407797018916 1.48867071595558 -0.10583414717497
1.79039189033992 1.48799275146835 -0.108917444984891
1.79677900875872 1.48728713367848 -0.112032069624862
1.80324188645282 1.48655291245861 -0.115178985126267
1.80978136795702 1.48578930331073 -0.118358303415703
1.81639766520175 1.4849955824994 -0.121569815804379
1.8230907630722 1.48417104659013 -0.124813191452883
1.82986057125714 1.48331499682634 -0.128088051417142
1.83670698110889 1.48242673308894 -0.131393996165873
1.84362988693547 1.48150555155063 -0.134730615694357
1.85062919398166 1.48055074375217 -0.13809749312963
1.8577048214365 1.47956159622428 -0.141494205902788
1.86485670359104 1.47853739031653 -0.144920326013222
1.87208479031631 1.47747740210312 -0.14837541995468
1.87938904729978 1.47638090231489 -0.151859048516126
1.88676945620484 1.47524715627819 -0.155370766536869
1.89422601481475 1.47407542385279 -0.158910122645333
1.90175873718399 1.47286495936585 -0.162476658992019
1.90936765380665 1.47161501154042 -0.166069910980818
1.91705281180491 1.47032482341773 -0.169689406999564
1.92481427513954 1.46899363227285 -0.173334668150089
1.93265212484306 1.46762066952327 -0.177005207977529
1.94056645927683 1.46620516062986 -0.180700532198732
1.9485573944125 1.4647463249899 -0.184420138429232
1.9566250641388 1.46324337582156 -0.188163515908538
1.96476962059471 1.46169552003947 -0.19193014522331
1.9729912345298 1.46010195812063 -0.195719498027985
1.98129009569299 1.45846188396033 -0.199531036762437
1.98966641325086 1.45677448471714 -0.203364214366224
1.99812041623738 1.45503894064638 -0.207218473989181
2.00665235403584 1.45325442492145 -0.211093248697623
2.01526249689495 1.451420103442 -0.214987961175751
2.02395113648121 1.44953513462812 -0.218902023421995
2.03271858646903 1.4475986691996 -0.222834836439496
2.04156518317116 1.44560984993923 -0.226785789920378
2.05049128621151 1.44356781143892 -0.230754261923167
2.05949727924293 1.44147167982759 -0.234739618542714
2.06858357071294 1.43932057247923 -0.238741213572127
2.07775059468026 1.43711359769997 -0.24275838815589
2.08699881168565 1.43484985439228 -0.246790470433673
2.09632870968011 1.43252843169495 -0.250836775173642
2.10574080501541 1.43014840859656 -0.254896603395101
2.11523564350021 1.42770885352073 -0.258969241979015
2.12481380152703 1.42520882388073 -0.263053963265761
2.13447588727515 1.42264736560118 -0.267150024639115
2.14422254199491 1.42002351260391 -0.271256668095302
2.15405444137964 1.4173362862554 -0.275373119795991
2.16397229703218 1.41458469477227 -0.279498589604032
2.17397685803285 1.41176773258158 -0.28363227060047
2.18406891261767 1.40888437963187 -0.287773338581443
2.19424928997528 1.40593360065081 -0.291920951533373
2.20451886217278 1.40291434434469 -0.296074249084679
2.21487854622095 1.39982554253467 -0.300232351932079
2.22532930629132 1.396666109224 -0.304394361239499
2.23587215609823 1.39343493958979 -0.30855935800735
2.2465081614601 1.39013090889263 -0.312726402409423
2.25723844305731 1.38675287129581 -0.316894533095164
2.26806417940363 1.38329965858587 -0.321062766453817
2.27898661005232 1.37977007878456 -0.325230095837541
2.29000703905906 1.37616291464152 -0.329395490739686
2.30112683872677 1.37247692199567 -0.333557895924166
2.31234745366076 1.36871082799166 -0.337716230501601
2.32367040516595 1.36486332913618 -0.341869386947314
2.33509729602132 1.36093308917728 -0.346016230055513
2.34662981567169 1.35691873678722 -0.350155595823635
2.35826974588266 1.35281886302703 -0.354286290260125
2.37001896690895 1.34863201856845 -0.358407088107742
2.38187946423513 1.34435671064477 -0.362516731474091
2.3938533359541 1.33999139969912 -0.366613928359452
2.40594280085915 1.33553449569351 -0.370697351071209
2.41815020733551 1.33098435403712 -0.374765634512438
2.43047804315034 1.32633927108594 -0.378817374330727
2.44292894625463 1.32159747915873 -0.382851124911264
2.4555057167287 1.31675714100571 -0.386865397196169
2.4682113300229 1.31181634365611 -0.390858656309286
2.48104895167028 1.30677309155906 -0.394829318962575
2.4940219536769 1.30162529891766 -0.398775750616711
2.50713393283133 1.29637078109903 -0.402696262364188
2.52038873121623 1.29100724498239 -0.406589107498066
2.53379045925681 1.28553227808243 -0.410452477723504
2.54734352170261 1.27994333625459 -0.414284498961854
2.5610526470152 1.2742377297519 -0.41808322668834
2.57492292072695 1.26841260735749 -0.421846640733493
2.58895982345243 1.26246493826011 -0.425572639465866
2.60316927437522 1.25639149127041 -0.429259033256966
2.61755768121387 1.25018881088731 -0.43290353711019
2.63213199789536 1.24385318961339 -0.436503762310472
2.6468997914519 1.23738063577716 -0.440057206920922
2.66186932002362 1.23076683593985 -0.443561244913548
2.67704962432488 1.22400711073099 -0.447013113671922
2.6924506355496 1.21709636265325 -0.450409899539807
2.70808330350585 1.21002901399632 -0.453748521007356
2.72395974985375 1.20279893246613 -0.457025709018312
2.74009345278013 1.19539934141741 -0.460237983738105
2.75649947143435 1.18782271059675 -0.463381626930343
2.77319472120173 1.18006062194758 -0.466452648827251
2.79019831475503 1.17210360312329 -0.469446748018094
2.80737298277581 1.16401602480913 -0.472333188783223
2.82455865798023 1.15587483875636 -0.475082024966093
2.84169581705484 1.14771079219164 -0.477683384551565
2.85876349648615 1.13953672665128 -0.480134766658534
2.87575530122956 1.13135861940622 -0.48243632078233
2.89267028142518 1.12317981579434 -0.484589126763965
2.90950948829081 1.11500264052278 -0.486594574358179
2.92627467941914 1.1068290096484 -0.488454141321238
2.94296783450932 1.09866066304423 -0.490169315060006
2.95959097608781 1.09049925299112 -0.491741565739704
2.97614610480766 1.08234637826812 -0.493172337717198
2.99263517767049 1.07420359759765 -0.494463047423107
3.00906010222792 1.06607243526079 -0.495615083452845
3.02542273664362 1.05795438373133 -0.496629807361915
3.04172489182441 1.04985090516338 -0.497508554637111
3.05796833420768 1.04176343242698 -0.498252635662287
3.07415478868494 1.03369336995565 -0.498863336619919
3.09028594147623 1.02564209450676 -0.499341920312428
3.10636344289501 1.01761095587427 -0.499689626901872
3.12238890998942 1.00960127756981 -0.499907674571252
3.13836392906205 1.00161435747935 -0.49999726011192
3.15429005807661 0.993651468499327 -0.499959559441666
3.17016882896075 0.985713859154591 -0.499795728057729
3.18600174981514 0.977802754200079 -0.499506901428626
3.20179030703775 0.969919355207874 -0.499094195328245
3.21753596737252 0.962064841141073 -0.498558706115284
3.23324017989043 0.954240368915855 -0.497901510960762
3.24890437791105 0.946447073953033 -0.497123668025982
3.26452998087176 0.93868607072036 -0.496226216593034
3.28011839615179 0.930958453266759 -0.495210177149615
3.29567102085775 0.92326529574966 -0.494076551429703
3.31118924357706 0.915607652956516 -0.492826322411333
3.32667444610559 0.907986560821637 -0.491460454272505
3.34212800515539 0.900403036939404 -0.489979892306016
3.35755129404864 0.892858081074879 -0.488385562793755
3.37294568440344 0.885352675672933 -0.486678372840839
3.38831254781733 0.877887786366839 -0.484859210169662
3.40365325755423 0.870464362487493 -0.482928942873827
3.4189691902407 0.863083337574196 -0.480888419131592
3.43426172757725 0.855745629888151 -0.478738466878341
3.44953225807078 0.848452142929741 -0.476479893437315
3.46478217879423 0.841203765960679 -0.474113485107612
3.48001289717981 0.834001374532221 -0.471640006708254
3.49522583285235 0.826845831020602 -0.469060201076825
3.51042241950974 0.819737985170936 -0.466374788520945
3.52560410685753 0.812678674650918 -0.463584466220576
3.5407723626055 0.805668725615625 -0.460689907578809
3.5559286745342 0.798708953284921 -0.457691761518511
3.57107455264026 0.791800162534911 -0.454590651721795
3.58621153136957 0.784943148505148 -0.45138717580897
3.60134117194849 0.778138697223269 -0.448081904453134
3.61646506482378 0.77138758624891 -0.444675380426164
3.63158483222298 0.764690585338961 -0.441168117571339
3.64670213084805 0.758048457136198 -0.437560599697233
3.66181865471608 0.751461957883735 -0.433853279386972
3.67693613816229 0.744931838167735 -0.430046576716162
3.69205635902218 0.738458843691173 -0.426140877872092
3.70707776859727 0.73208735519237 -0.422164230991322
3.72193700266463 0.725844126045957 -0.418136794526903
3.73661498930619 0.719736472660695 -0.414067840380225
3.75110925052834 0.713764514744984 -0.409962275404971
3.76542323994364 0.707925842899769 -0.405823244965172
3.77956230327015 0.7022172682489 -0.401653162863398
3.79353217744605 0.696635463857 -0.397454118087418
3.8073384544348 0.691177189194991 -0.393228036314172
3.8209864079937 0.685839359518408 -0.38897674514864
3.83448095453198 0.680619058804227 -0.38470200156006
3.84782666150545 0.675513533157366 -0.380405504400966
3.86102777094293 0.67052017833316 -0.376088900958657
3.87408822622504 0.665636526292869 -0.371753791042233
3.88701169796776 0.660860232458399 -0.367401729982998
3.89980160774037 0.656189064139829 -0.363034231096981
3.91246114939015 0.65162089018611 -0.358652767834627
3.92499330810034 0.647153671770987 -0.354258775715729
3.93740087741006 0.642785454190825 -0.349853654096861
3.94968647443376 0.638514359552236 -0.345438767798372
3.96185255350088 0.634338580238585 -0.341015448608505
3.97390141840856 0.630256373058916 -0.336584996678385
3.98583523345563 0.626266053995699 -0.332148681818944
3.99765603340277 0.622365993479387 -0.327707744709291
4.00936573248386 0.618554612127822 -0.323263398024943
4.02096613257658 0.614830376896902 -0.318816827493397
4.03245893062625 0.611191797596006 -0.314369192883565
4.04384572540398 0.607637423727946 -0.309921628935159
4.05512802367072 0.604165841618135 -0.305475246233213
4.06630724580902 0.600775671802322 -0.301031132032648
4.07738473097723 0.597465566645879 -0.29659035103713
4.08836174183382 0.594234208171007 -0.292153946136237
4.09923946887444 0.59108030607092 -0.287722939104377
4.1100190344188 0.588002595892565 -0.283298331264699
4.12070149628044 0.584999837371629 -0.278881104121036
4.13128785114918 0.582070812905165 -0.274472219960305
4.14177903771167 0.579214326149134 -0.270072622428096
4.15217593953397 0.576429200729222 -0.265683237079438
4.16247938772667 0.573714279054726 -0.261304971906919
4.17269016341125 0.571068421226299 -0.256938717847963
4.1828090000042 0.568490504029341 -0.252585349273065
4.19283658533423 0.565979420005588 -0.248245724456491
4.20277356360569 0.563534076596281 -0.243920686030991
4.21262053722034 0.561153395350933 -0.239611061427913
4.22237806846891 0.558836311196167 -0.235317663303833
4.23204668110148 0.556581771759881 -0.231041289955107
4.24162686178629 0.554388736746202 -0.22678272572133
4.25111906146488 0.552256177357203 -0.222542741378662
4.26052369661047 0.550183075757832 -0.218322094524255
4.26984115039675 0.548168424580607 -0.214121529952406
4.27907177378267 0.546211226467169 -0.209941780023552
4.28821588651884 0.54431049364385 -0.205783565026767
4.29727377808035 0.542465247528799 -0.201647593536644
4.3062457085305 0.540674518368378 -0.197534562765343
4.31513190931941 0.538937344900699 -0.193445158910474
4.32393258402125 0.537252774044391 -0.18938005749955
4.33264790901325 0.535619860610868 -0.185339923731724
4.34127803409943 0.534037667038461 -0.181325412817476
4.34982308308177 0.532505263146947 -0.177337170316914
4.3582831542813 0.531021725911096 -0.173375832477277
4.36665832101059 0.529586139252073 -0.169442026570526
4.37494863200042 0.528197593845435 -0.165536371231375
4.38315411178148 0.526855186944737 -0.161659476796587
4.39127476102276 0.525558022219799 -0.157811945646271
4.39931055682774 0.524305209608708 -0.153994372547718
4.40726145298925 0.523095865182749 -0.150207345002614
4.4151273802042 0.52192911102349 -0.146451443598148
4.42290824624787 0.520804075111388 -0.142727242363047
4.43060393610889 0.519719891225222 -0.139035309129119
4.43821431208463 0.518675698851804 -0.135376205899188
4.44573921383698 0.517670643105415 -0.131750489222313
4.45317845840842 0.516703874656485 -0.128158710577164
4.46053184019755 0.515774549669063 -0.1246014167646
4.46779913089389 0.514881829746643 -0.121079150310326
4.47498007937024 0.514024881886046 -0.117592449879098
4.48207441153207 0.513202878438917 -0.114141850701277
4.48908183012195 0.512414997080617 -0.110727885013405
4.49600201447761 0.511660420786171 -0.107351082513963
4.50283462024118 0.51093833781306 -0.104011970836062
4.50957927901746 0.510247941690603 -0.100711076038596
4.51623559797792 0.509588431215793 -0.0974489231180075
4.52284572617981 0.508955000002977 -0.0942051344269351
4.52943707888764 0.508344732184771 -0.0909664606582288
4.5360199560355 0.507756568236035 -0.0877280068237229
4.54259828901912 0.507190119143011 -0.0844879907841074
4.54917362678045 0.506645239403972 -0.0812457962931516
4.55574662502786 0.506121872297728 -0.0780012445829132
4.56231760413652 0.505619993714771 -0.0747543211176643
4.5688867583719 0.505139591766364 -0.071505072997577
4.57545423439138 0.504680659385561 -0.0682535704272699
4.58202016071184 0.504243191643323 -0.0649998922466301
4.58858465878171 0.503827184774246 -0.0617441205001412
4.59514784715104 0.503432635821564 -0.0584863384014682
4.60170984305216 0.503059542506263 -0.0552266295732288
4.60827076300849 0.502707903177324 -0.0519650777658186
4.61483072307871 0.502377716791379 -0.0487017667560518
4.62138983896414 0.502068982903128 -0.0454367803132759
4.62794822606427 0.501781701659814 -0.0421702021909852
4.63450599951308 0.501515873797298 -0.0389021161277935
4.64106327420815 0.501271500636895 -0.0356326058519418
4.64762016483637 0.501048584082641 -0.0323617550872912
4.65417678589899 0.500847126618886 -0.0290896475596354
4.66073325173584 0.500667131308162 -0.0258163670032939
4.6672896765495 0.500508601789315 -0.0225419971676863
4.67384617442915 0.500371542275897 -0.019266621823993
4.68040285937433 0.500255957554806 -0.0159903247718172
4.68695984531878 0.500161852985181 -0.0127131898457509
4.69351724615393 0.500089234497543 -0.00943530092211449
4.70007517575262 0.500038108593191 -0.00615674192553641
4.70663374799266 0.500008482343834 -0.00287759683563909
4.71319307678038 0.500000363391481 0.000402050306327033
4.71975327607413 0.500013759948573 0.00368211539076097
4.72631445990795 0.500048680798359 0.00696251423305497
4.73287674241512 0.50010513529553 0.0102431625668857
4.73944023785181 0.500183133367083 0.0135239760374751
4.74600506062075 0.500282685513449 0.0168048701948131
4.75257132529505 0.50040380280986 0.0200857604869254
4.75913914664204 0.500546496907973 0.0233665622530269
4.76570863964718 0.500710780037734 0.0266471907166645
4.77227991953821 0.500896665009512 0.0299275609788738
4.77885310180931 0.501104165216469 0.033207588011231
4.78542830224548 0.501333294637201 0.036487186648911
4.79200563694711 0.501584067838636 0.0397662715837093
4.79858522235455 0.501856499979179 0.0430447573568988
4.80516717527306 0.502150606812144 0.04632255835219
4.81175161289793 0.502466404689435 0.049599588788546
4.81833865283983 0.502803910565512 0.0528757627130014
4.82492841315039 0.50316314200162 0.0561509939933477
4.83152101234785 0.503544117170297 0.0594251963107439
4.83811656944349 0.503946854860181 0.0626982831524125
4.84471520396777 0.50437137448108 0.0659701678040564
4.85131703599714 0.504817696069349 0.0692407633423221
4.85792218618118 0.505285840293564 0.0725099826271992
4.86453077576987 0.505775828460489 0.0757777382942334
4.87114292664142 0.506287682521357 0.0790439427467498
4.87775876133041 0.506821425078466 0.0823085081479261
4.88437840305647 0.507377079392094 0.0855713464128417
4.89100197575311 0.507954669387736 0.0888323692003067
4.89762960409744 0.508554219663693 0.0920914879047661
4.90426141353976 0.509175755498966 0.0953486136478545
4.91089753033427 0.509819302861545 0.0986036572700737
4.91753808156996 0.510484888417026 0.101856529322246
4.92421382489652 0.511175759167227 0.105122112643117
4.93095881597336 0.511895921008748 0.108416811525108
4.93778555681407 0.512647422631447 0.11174641934375
4.9446985747821 0.513431566728601 0.115112799462775
4.95169943470371 0.514249372585455 0.118516348124096
4.95878860630362 0.515101754305018 0.121956910733286
4.965966162362 0.515989589679401 0.125434123744983
4.9732320400339 0.516913746834813 0.128947542214436
4.98058613869715 0.517875094555595 0.13249668724014
4.98802835660272 0.518874506302714 0.136081063451247
4.99555860462324 0.519912861799778 0.139700165294155
5.0031768114432 0.520991047683962 0.143353479132574
5.01088292556372 0.522109957800605 0.147040483784279
5.01867691613429 0.523270493365155 0.150760650475102
5.02655877336539 0.524473563079033 0.154513442576453
5.03452850880441 0.525720083233036 0.158298315262833
5.04258615558094 0.527010977811555 0.162114715140022
5.05073176866175 0.528347178603029 0.16596207986246
5.05896542513054 0.52972962531904 0.169839837746273
5.067287224499 0.531159265723355 0.17374740738001
5.07569728905222 0.532637055771845 0.177684197233492
5.08419576423013 0.534163959764026 0.181649605264415
5.0927828190465 0.535740950507013 0.18564301852223
5.10145864654729 0.537369009492721 0.189663812748772
5.11022346430952 0.539049127089138 0.193711351974825
5.11907751498289 0.540782302746684 0.197784988112169
5.12802106687588 0.542569545220613 0.201884060540217
5.13705441458859 0.54441187281064 0.206007895686678
5.14617787969443 0.54631031361889 0.210155806601273
5.15539181147409 0.548265905827659 0.214327092522075
5.16469658770377 0.550279697998262 0.218521038433321
5.17409261550153 0.552352749392614 0.222736914614044
5.1835803322351 0.55448613031924 0.22697397617657
5.19316020649491 0.556680922505536 0.231231462593918
5.20283273913673 0.558938219498361 0.235508597215131
5.21259846439845 0.56125912709512 0.239804586767434
5.22245795109624 0.563644763807819 0.244118620844129
5.23241180390552 0.566096261362693 0.248449871376972
5.24246066473304 0.568614765238355 0.252797492091751
5.25260521418663 0.57120143524562 0.257160617945647
5.2628461731501 0.573857446152505 0.261538364544851
5.27318430447154 0.576583988358299 0.265929827540899
5.2836204147738 0.579382268620878 0.27033408200385
5.29415535639717 0.582253510841982 0.274750181770504
5.30479002948489 0.585198956915526 0.279177158765439
5.31552538422397 0.588219867644769 0.283614022292835
5.32636242325422 0.591317523734504 0.288059758296403
5.33730220426032 0.594493226865318 0.292513328584859
5.34834584276346 0.597748300857687 0.296973670019989
5.35949451513043 0.601084092934461 0.301439693664027
5.37074946182046 0.604501975091354 0.30591028388281
5.38211199089257 0.608003345586228 0.31038429740092
5.39358348179797 0.611589630558937 0.314860562304253
5.40516538948626 0.615262285795354 0.31933787698553
5.41685924885654 0.619022798650435 0.323815009027281
5.42866667958892 0.622872690147299 0.328290694016505
5.44058939139634 0.626813517271341 0.332763634284501
5.45262918974132 0.630846875480805 0.337232497564505
5.4647879820688 0.634974401458238 0.34169591555915
5.47706778461226 0.639197776130316 0.346152482408504
5.48947072983861 0.643518727987416 0.350600753048509
5.50199907460618 0.647939036738697 0.355039241448304
5.51465520912092 0.652460537343587 0.35946641871344
5.52744166678797 0.657085124466452 0.363880711040223
5.5403611350704 0.661814757408344 0.36828049750451
5.55341646748395 0.666651465577962 0.372664107665932
5.56661069687665 0.671597354573657 0.377029818965817
5.5799470501657 0.676654612959847 0.381375853893868
5.59342896473272 0.681825519835131 0.385700376895073
5.60706010671212 0.687112453305616 0.390001490983737
5.62084439144751 0.692517899996873 0.394277234026451
5.63478600644065 0.698044465761711 0.398525574649529
5.6488894371761 0.703694887769865 0.402744407719042
5.663159496277 0.70947204820079 0.406931549332555
5.67760135653592 0.71537898980403 0.411084731250955
5.69222058847303 0.721418933644577 0.415201594685501
5.70702320320935 0.727595299416724 0.419279683339246
5.7220157016098 0.733911728791787 0.423316435581998
5.73720513086273 0.740372112368683 0.427309175613662
5.75259914992888 0.74698062092668 0.431255103439975
5.76820610563323 0.753741741846593 0.435151283446327
5.78403512161008 0.760660321780768 0.438994631306422
5.80001764327097 0.767706832861906 0.442763651430015
5.81606450264375 0.774841401930537 0.446434061044632
5.83214311514372 0.782048237125672 0.449996436444932
5.84824246182528 0.789320818151735 0.453446848803111
5.86435966424302 0.796656159850025 0.456783366182625
5.8804948933937 0.804052614170241 0.460004762499907
5.89664944841181 0.81150903135637 0.463110044003762
5.91282503402875 0.819024440140862 0.466098276573639
5.929023490315 0.826597925609113 0.468968523308298
5.94524669284405 0.834228582252557 0.471719822428558
5.96149651699215 0.841915495599422 0.474351179855132
5.97777482632566 0.849657734701503 0.476861567086028
5.99408346999604 0.857454348742732 0.479249920952344
6.01042428347181 0.865304365211628 0.481515144007791
6.02679909047943 0.873206788665638 0.483656105101246
6.04320970535965 0.881160599717603 0.485671639970739
6.05965793554783 0.889164754103084 0.487560551802109
6.07614558407528 0.897218181773855 0.489321611733353
6.09267445205931 0.905319785995771 0.490953559299097
6.10924634117639 0.913468442441587 0.492455102814199
6.12586305612227 0.921662998274037 0.493824919696888
6.14252640706677 0.929902271216206 0.495061656732092
6.15923821211203 0.938185048606856 0.496163930275459
6.17600029976373 0.946510086438594 0.497130326398255
6.19281451142472 0.954876108376745 0.49795940097299
6.20968270392101 0.963281804756787 0.498649679699254
6.22660675207012 0.971725831558129 0.499199658068834
6.24358855130192 0.98020680935184 0.499607801268828
6.26063002034285 0.988723322219898 0.499872544021035
6.27773310397444 0.997273916643339 0.499992290355477
6.29489977587783 1.00585710035649 0.499965413315469
6.31213204157651 1.01447134116436 0.499790254591165
6.32943194149037 1.02311506571998 0.499465124078002
6.34680155411486 1.03178665825838 0.498988299355904
6.36424299934021 1.04048445928338 0.49835802508452
6.38175844192652 1.04920676420339 0.497572512309112
6.39935009515233 1.05795182191185 0.496629937670977
6.41702022465522 1.06671783330782 0.495528442515533
6.43477115248489 1.07550294975136 0.494266131890283
6.45260526139132 1.08430527144864 0.492841073423929
6.47052499937232 1.09312284576044 0.491251296076802
6.48853288450744 1.10195366542755 0.489494788751577
6.50663151010826 1.11079566670603 0.48756949875187
6.52482355021782 1.11964672740417 0.485473330074757
6.54311176549572 1.12850466481261 0.483204141521564
6.56149900952974 1.13736723351785 0.480759744609253
6.57998823561931 1.14623212308868 0.478137901262519
6.59858250408147 1.15509695562342 0.475336321264167
6.61728499013638 1.16395928314514 0.472352659438388
6.63609899243638 1.17281658483001 0.469184512538224
6.65502794231066 1.18166626405254 0.465829415804664
6.67407541380724 1.19050564522943 0.462284839160363
6.69322451931402 1.19932251729041 0.458552292200034
6.71215457079713 1.20796670405801 0.454697171652965
6.73075941180013 1.21638979179968 0.450749512939321
6.74901613895233 1.22458248329394 0.446724043782587
6.76693188347569 1.23254940643006 0.442629003250871
6.78452325888136 1.24029947583558 0.438469863124161
6.80180875004503 1.24784236602803 0.434250870692165
6.81880608001318 1.2551873139815 0.4299756855212
6.83553144031297 1.26234278419993 0.425647644542561
6.85199938994796 1.26931643853763 0.421269875647123
6.86822297329792 1.2761152029953 0.41684534953153
6.88421389254963 1.28274535659788 0.412376906132507
6.89998267806783 1.28921261713003 0.407867270314599
6.91553883991408 1.29552221661226 0.403319062740328
6.9308909977997 1.30167896568691 0.398734808345159
6.94604699127728 1.30768730802919 0.394116943435017
6.96101397305831 1.31355136631058 0.389467821859818
6.97579848827523 1.31927498115506 0.384789720487166
6.99040654211603 1.32486174431238 0.38008484410437
7.00484365783361 1.3303150270512 0.37535532983387
7.01911492675498 1.33563800458376 0.370603251126358
7.03322505160736 1.34083367717858 0.365830621383128
7.0471783842297 1.34590488849305 0.361039397251306
7.06097895854148 1.35085434155995 0.356231481629374
7.07463051948392 1.35568461278345 0.351408726415379
7.08813654852345 1.36039816423777 0.34657293502618
7.10150028620733 1.36499735451205 0.341725864712345
7.11472475217967 1.36948444830402 0.336869228690476
7.1278127630002 1.37386162493261 0.332004698112127
7.14076694805494 1.3781309859129 0.32713390388596
7.15358976380274 1.38229456171443 0.322258438368186
7.16628350656578 1.38635431780606 0.317379856934347
7.17885032404177 1.39031216007554 0.312499679444092
7.19129222568943 1.39416993969871 0.307619391609499
7.20361109211863 1.39792945752367 0.302740446276101
7.21580868359841 1.40159246802558 0.297864264624869
7.22788664778045 1.40516068288084 0.292992237302647
7.23984652672344 1.40863577420243 0.288125725487719
7.25168976329259 1.41201937747354 0.283266061896437
7.2634177069991 1.41531309421126 0.278414551736356
7.27503161933673 1.41851849438868 0.273572473610758
7.28653267866514 1.42163711864002 0.268741080379087
7.29792198468461 1.42467048027069 0.263921599977158
7.30920056254069 1.42762006709143 0.259115236200944
7.32036936659336 1.43048734309361 0.254323169457254
7.33142928388136 1.43327374998095 0.249546557484408
7.34238113730876 1.43598070857085 0.244786536045646
7.35322568857795 1.43860962007762 0.24004421959799
7.36396364089082 1.44116186728807 0.23532070193881
7.37459564143702 1.44363881563925 0.230617056832496
7.38512228368679 1.44604181420669 0.225934338619165
7.3955441095037 1.44837219661112 0.221273582807419
7.40586161109111 1.45063128185035 0.216635806652895
7.4160752327846 1.45282037506274 0.212022009724406
7.42618537270147 1.45494076822772 0.207433174459269
7.43619238425751 1.45699374080865 0.202870266709252
7.44609657755937 1.45898056034239 0.19833423627882
7.45589822068119 1.46090248297991 0.193826017456861
7.46559754083214 1.46276075398173 0.189346529543364
7.47519472542121 1.46455660817143 0.184896677372473
7.48468992302513 1.46629127035053 0.180477351833055
7.49408324426412 1.46796595567748 0.176089430388242
7.50337476259034 1.46958187001342 0.17173377759492
7.5125645149922 1.4711402102369 0.16741124562485
7.52165250261825 1.47264216452988 0.163122674788446
7.53063869132343 1.47408891263678 0.158868894062539
7.5395230121399 1.47548162609855 0.154650721623505
7.54830536167421 1.47682146846317 0.15046896538718
7.55698560243247 1.47810959547422 0.146324423556916
7.56556356307441 1.47934715523885 0.142217885181199
7.57403903859662 1.48053528837621 0.138150130722655
7.58241179044537 1.48167512814768 0.134121932639786
7.59068154655849 1.48276780056978 0.130134055983433
7.59884800133554 1.48381442451072 0.126187259009714
7.6069108155349 1.48481611177143 0.122282293811518
7.61486961609594 1.48577396715183 0.118419906970751
7.62272399588366 1.48668908850292 0.114600840233857
7.63047351335343 1.48756256676548 0.110825831212866
7.63811769213156 1.48839548599586 0.107095614115161
7.6456560205074 1.48918892337914 0.103410920505114
7.65308795083224 1.48994394923046 0.0997724801008064
7.66041707118181 1.49066202828227 0.0961789743905861
7.66770657209065 1.49135008268369 0.0925997694424769
7.67497996501013 1.49201059449158 0.0890235693724588
7.68224613152385 1.49264446049329 0.0854462198284383
7.68950849975149 1.49325200542541 0.081866232498843
7.69676845637527 1.49383334659191 0.0782831183314945
7.70402662248316 1.49438852566823 0.0746967633277561
7.71128333165591 1.49491755639108 0.0711071943066488
7.71853880927082 1.49542044180718 0.0675144909491579
7.72579323978315 1.49589718050758 0.0639187527685278
7.73304679199138 1.49634776888023 0.0603200867107891
7.740299628541 1.49677220192501 0.0567186025048904
7.74755190951604 1.49717047355024 0.0531144109233558
7.75480379381248 1.49754257668233 0.0495076231361808
7.7620554396792 1.49788850330803 0.0458983504753807
7.76930700494655 1.49820824449217 0.0422867043537275
7.7765586471379 1.4985017903863 0.0386727962411396
7.78381052353681 1.49876913023389 0.0350567376629745
7.79106279123748 1.49901025237382 0.0314386402064193
7.79831560718894 1.49922514424312 0.0278186155299238
7.80556912823661 1.49941379237903 0.0241967753738443
7.81282351116306 1.49957618242057 0.0205732315713981
7.8200789127282 1.49971229910961 0.0169480960599016
7.8273354897093 1.49982212629149 0.0133214808920487
7.83459339894083 1.49990564691512 0.00969349824727419
7.84185279735457 1.49996284303268 0.00606426044301087
7.84911384201932 1.49999369579879 0.00243387994622735
7.85637669018112 1.49999818546929 -0.00119753061529815
7.86364149930298 1.49997629139947 -0.0048298584413058
7.87090842710521 1.49992799204188 -0.00846299054761944
7.87817763160577 1.49985326494368 -0.0120968137545397
7.8854492711606 1.49975208674348 -0.015731214675152
7.89272350450429 1.49962443316776 -0.0193660797035556
7.90000049079106 1.49947027902674 -0.0230012950031074
7.90728038963585 1.49928959820984 -0.0266367464944642
7.9145633611559 1.49908236368061 -0.0302723198436559
7.92184956601233 1.49884854747118 -0.0339079004498967
7.92913916545254 1.49858812067621 -0.037543373433497
7.93643232135254 1.49830105344635 -0.041178623623445
7.94372919625999 1.49798731498117 -0.044813535545024
7.95102995343773 1.4976468735216 -0.0484479934072901
7.95833475690772 1.49727969634179 -0.0520818810903814
7.96564377149529 1.49688574974052 -0.0557150821325868
7.97295716287456 1.49646499903198 -0.059347479717527
7.98027509761375 1.49601740853603 -0.0629789566608926
7.98759774322168 1.49554294156795 -0.0666093953971923
7.99492526819477 1.49504156042749 -0.0702386779663046
8.00225784206467 1.49451322638745 -0.0738666859997946
8.00959563544691 1.49395789968158 -0.0774933007070998
8.01693882009012 1.49337553949192 -0.0811184028614974
8.02428756892627 1.49276610393546 -0.084741872785848
8.03164205612158 1.49212955005019 -0.0883635903380786
8.03900245712884 1.49146583378045 -0.0919834348966025
8.04636894874023 1.49077490996165 -0.0956012853453197
8.05374170914154 1.49005673230424 -0.0992170200584741
8.06112091796728 1.48931125337697 -0.10283051688522
8.06855847493621 1.4885329189233 -0.106466919504361
8.07608752691176 1.4877174848851 -0.11014205686691
8.08372023585626 1.4868626040027 -0.113861417989255
8.0914609990471 1.48596665227023 -0.117626657222285
8.09931133625156 1.48502827830499 -0.121437995591991
8.10727171133856 1.48404622898769 -0.125295114222555
8.11534221329327 1.48301928180851 -0.129197487429354
8.12352281110297 1.48194621856252 -0.133144506746805
8.13181344922616 1.48082581507482 -0.13713552684399
8.14021408341738 1.47965683713273 -0.141169882245507
8.14872469425825 1.47843803881447 -0.145246893142182
8.15734529237951 1.47716816173624 -0.149365867126002
8.1660759206114 1.47584593464475 -0.153526099403558
8.1749166550237 1.47447007313267 -0.157726872441633
8.18386760559019 1.47303927939031 -0.161967455400473
8.19292891675381 1.47155224195932 -0.166247103486664
8.20210076799672 1.47000763547442 -0.170565057274009
8.21138337445576 1.468404120387 -0.174920542009635
8.22077698759996 1.46674034266716 -0.179312766910776
8.2302818959781 1.46501493348193 -0.183740924453479
8.23989842604146 1.46322650884771 -0.18820418965267
8.24962694304586 1.46137366925492 -0.192701719332492
8.25946785203693 1.45945499926279 -0.197232651385346
8.26942159892386 1.45746906706196 -0.201796104018459
8.27948867164576 1.45541442400246 -0.206391174985994
8.28966960143664 1.45328960408441 -0.211016940805183
8.29996496419483 1.45109312340828 -0.215672455954598
8.31037538196374 1.44882347958169 -0.220356752052718
8.32090152453167 1.44647915107884 -0.225068837014818
8.33154411115841 1.44405859654893 -0.229807694185862
8.34230391243859 1.44156025406887 -0.234572281447398
8.35318175231116 1.43898254033575 -0.239361530295673
8.36417851022728 1.43632384979349 -0.244174344888758
8.37529512348796 1.43358255368796 -0.249009601059372
8.3865325897664 1.43075699904391 -0.253866145290768
8.39789196982976 1.42784550755659 -0.258742793652095
8.4093743904777 1.42484637438989 -0.263638330689742
8.4209810477167 1.42175786687219 -0.26855150827069
8.43271321019133 1.41857822307987 -0.273481044373573
8.44457222289607 1.41530565029739 -0.278425621822764
8.45655951119393 1.41193832334163 -0.283383886960181
8.4686765851715 1.4084743827365 -0.288354448249239
8.48092504436348 1.40491193272221 -0.293335874804594
8.49330658288357 1.40124903908181 -0.298326694840645
8.50582299500383 1.39748372676522 -0.30332539403119
8.51847618122902 1.39361397728849 -0.308330413771478
8.53126815491932 1.38963772588322 -0.313340149333116
8.54420104952159 1.38555285836753 -0.31835294790118
8.55727712647711 1.38135720770633 -0.323367106481386
8.57049878388359 1.37704855022378 -0.328380869663931
8.58386856599985 1.37262460142615 -0.333392427228745
8.59738917369446 1.36808301138646 -0.338399911575012
8.61106347595419 1.36342135963584 -0.343401394955474
8.62489452258602 1.35863714949764 -0.348394886493466
8.63888555826666 1.35372780179055 -0.353378328957477
8.65304003811804 1.34869064781544 -0.358349595264481
8.66736164501583 1.34352292152636 -0.363306484678947
8.68185430887277 1.33822175076992 -0.368246718669562
8.69652222817986 1.33278414745672 -0.373167936379855
8.71136989413712 1.32720699650538 -0.378067689661532
8.72640211776677 1.32148704336988 -0.382943437611453
8.74162406047337 1.31562087992614 -0.387792540542761
8.7570412686048 1.30960492845057 -0.392612253308733
8.7726597126766 1.30343542337023 -0.397399717883134
8.78848583205679 1.29710839039919 -0.402151955082944
8.80452658607615 1.29061962259374 -0.406865855297456
8.82078951273748 1.28396465275757 -0.411538168060439
8.83728279646204 1.27713872149944 -0.416165490268491
8.85401534664553 1.27013674008229 -0.42074425280632
8.87099688922555 1.26295324699394 -0.425270705286495
8.88823807401531 1.25558235689901 -0.429740898543263
8.90575060128078 1.24801770027918 -0.434150664433115
8.92354737198672 1.24025235160509 -0.43849559238155
8.94164266740143 1.23227874326505 -0.442771001967833
8.96005236544988 1.22408856164342 -0.446971910643423
8.97879420352176 1.21567262060718 -0.451092995416627
8.99788810064475 1.20702070608892 -0.455128546978991
9.01735655642516 1.19812138325229 -0.459072414255634
9.03722515056657 1.18896175458165 -0.462917936670818
9.05752317608478 1.17952715266853 -0.466657860434026
9.07828445313376 1.16980074469105 -0.470284233716684
9.09931567273241 1.15987327035361 -0.473751080981709
9.12037889057386 1.14985982137155 -0.477013185502561
9.14138578091846 1.13980692890712 -0.480055792359565
9.16230560506499 1.12973438617688 -0.482875269818349
9.18312938213355 1.11965169757717 -0.485471939981004
9.20385624130595 1.1095644081652 -0.487847486271087
9.22448827101873 1.09947651870833 -0.490004028400522
9.24502858622832 1.08939140444657 -0.491943796308339
9.26548060868193 1.07931216473853 -0.493669017455158
9.28584780321542 1.06924175673471 -0.495181879525587
9.30613358504155 1.05918304717447 -0.496484519482592
9.32634129085732 1.04913883314219 -0.497579021626358
9.3464741735315 1.03911185103487 -0.498467418565653
9.36653540529751 1.02910478102828 -0.499151692985502
9.3865280838304 1.01912024980103 -0.499633779491077
9.40645523913443 1.00916083256318 -0.499915566294097
9.42631984049635 0.999229054788882 -0.499998896675116
9.44612480325551 0.989327393808144 -0.499885570210976
9.46587299532543 0.979458280319997 -0.499577343774195
9.48556724346783 0.969624099854534 -0.499075932315445
9.50521033934386 0.95982719419771 -0.498383009440394
9.52480504537349 0.950069862787744 -0.497500207790929
9.54435410043627 0.940354364089808 -0.496429119239188
9.56386022544566 0.930682916954802 -0.495171294901211
9.58332612882842 0.921057701967705 -0.493728244975433
9.60275451193936 0.911480862790768 -0.492101438409776
9.62214807444138 0.901954507506767 -0.490292302399611
9.64150951968008 0.892480709967483 -0.488302221717494
9.66084156008225 0.88306151115269 -0.486132537874159
9.68014692260763 0.873698920545012 -0.483784548108886
9.6994283542841 0.864394917526161 -0.481259504205942
9.71868862785701 0.855151452800271 -0.478558611132326
9.73793054758499 0.845970449850284 -0.475683025490553
9.75715695521572 0.836853806433719 -0.472633853778586
9.77637073617765 0.827803396124477 -0.469412150447305
9.7955748260255 0.818821069907874 -0.466018915744078
9.81477221718105 0.809908657836467 -0.462455093328874
9.83396596601343 0.801067970755088 -0.458721567647234
9.85315920030789 0.792300802104046 -0.454819161041835
9.87235512717644 0.783608929810344 -0.450748630581611
9.89155704146939 0.774994118277817 -0.446510664584302
9.91076833475373 0.766458120488036 -0.442105878804665
9.92999250493151 0.758002680225325 -0.437534812256601
9.94923316658032 0.74962953444058 -0.432797922632778
9.96849406210896 0.741340415770316 -0.427895581279982
9.9877682219372 0.733141643727807 -0.422830963631712
10.0068517844576 0.725121604922474 -0.417661670823245
10.025676205084 0.717308533084411 -0.41241354884708
10.0442247699528 0.709707922160104 -0.40709938321886
10.0624996976581 0.702317099328895 -0.401726631676784
10.0805095386533 0.695130735063171 -0.396300548896504
10.0982644630205 0.688142871562181 -0.390825438183377
10.115774564622 0.681347636400872 -0.385305152967296
10.1330493027989 0.674739467385015 -0.379743299872965
10.1500973641004 0.668313160195319 -0.374143323361742
10.1669266724408 0.662063855173424 -0.368508543272088
10.1835444462178 0.655987006016039 -0.362842173439605
10.1999572654549 0.650078345603291 -0.357147332523714
10.2161711362779 0.644333853993015 -0.351427051447936
10.2321915489976 0.638749729917488 -0.345684279217282
10.2480235292654 0.633322365839443 -0.339921887836469
10.2636716828151 0.628048326228524 -0.334142676641962
10.2791402345695 0.622924328637768 -0.328349376196918
10.294433062887 0.617947227181747 -0.322544651830828
10.3095537296385 0.613113998068545 -0.316731106876684
10.3245055067053 0.608421726890274 -0.310911285644523
10.3392913993961 0.603867597423948 -0.305087676162735
10.3539141672032 0.599448881734319 -0.299262712713611
10.3683763422511 0.595162931403342 -0.293438778186116
10.3826802457365 0.591007169738171 -0.287618206265972
10.3968280026119 0.586979084832248 -0.28180328348092
10.4108215547296 0.583076223372693 -0.275996251117026
10.4246626726297 0.579296185102748 -0.270199307020137
10.4383529661296 0.57563661786106 -0.264414607295214
10.4518938938512 0.572095213130462 -0.258644267914932
10.4652867718035 0.5686697020381 -0.252890366247865
10.4785327811208 0.565357851756576 -0.247154942515633
10.4916329750461 0.562157462262312 -0.24144000118755
10.504588285235 0.559066363412957 -0.235747512320495
10.5173995274472 0.556082412310594 -0.230079412851345
10.5300674066845 0.5532034909215 -0.224437607848575
10.5425925218253 0.550427503926799 -0.218823971729193
10.5549753698003 0.547752376781513 -0.213240349446951
10.5672163493493 0.545176053962041 -0.207688557657258
10.5793157643914 0.542696497384536 -0.202170385864124
10.59127382704 0.540311684978585 -0.196687597554145
10.603090660288 0.538019609402417 -0.191241931322481
10.614766300385 0.535818276887384 -0.185835101995604
10.6263006989265 0.533705706200818 -0.180468801755589
10.6376937246722 0.531679927717599 -0.175144701270671
10.6489451651054 0.529738982591809 -0.169864450836932
10.6600547277479 0.527880922020789 -0.164629681535978
10.6710220412373 0.526103806594735 -0.159442006413552
10.6818466561747 0.524405705725796 -0.154303021684558
10.6925280457485 0.522784697151199 -0.149214307969826
10.7030656061367 0.521238866505586 -0.144177431570505
10.7134586566882 0.519766306958301 -0.139193945786424
10.7237064398827 0.518365118911829 -0.134265392285179
10.7338081210664 0.517033409758037 -0.129393302529273
10.7437627879556 0.515769293689252 -0.124579199269383
10.753569449903 0.514570891561654 -0.119824598112752
10.7632270369133 0.513436330808713 -0.115131009176575
10.772734398396 0.512363745402764 -0.110499938837427
10.782090301637 0.511351275863139 -0.105932891589407
10.7912934299687 0.510397069309459 -0.101431372024938
10.8003423806123 0.509499279559066 -0.0969968869545368
10.8093037131353 0.508649764783291 -0.0925975110361053
10.818234022879 0.507842444016295 -0.0882059672201649
10.8271545400702 0.507075193477968 -0.0838122159854796
10.8360734077568 0.506347298471159 -0.0794126096702265
10.8449938873092 0.505658550501389 -0.0750058896157809
10.853917413976 0.50500892436687 -0.0705916927187775
10.8628447394268 0.504398462409089 -0.0661699920095838
10.8717763596735 0.50382723304546 -0.0617408868184011
10.8807126754835 0.503295315943834 -0.0573045240470163
10.8896540525806 0.502802796741063 -0.0528610686415357
10.8986008442971 0.502349765174851 -0.0484106925320053
10.9075534001565 0.501936314434444 -0.0439535705032651
10.9165120691843 0.501562540946406 -0.0394898786670372
10.925477201244 0.501228544316302 -0.0350197939104123
10.9344491476354 0.500934427327111 -0.0305434937107164
10.9434282614164 0.500680295959282 -0.0260611560880567
10.9524148976232 0.50046625942009 -0.0215729596098024
10.961409413453 0.500292430177964 -0.0170790834147249
10.970412168435 0.500158924000321 -0.0125797072447872
10.9794235245982 0.500065859994437 -0.00807501148016568
10.9884438466395 0.500013360651216 -0.00356517717569991
10.9974735020947 0.50000155189188 0.000949613901706859
11.0065128615111 0.500030563117608 0.00546917923502048
11.0155622986251 0.500100527262223 0.00999333551830842
11.0246221905416 0.500211580847975 0.0145218986173043
11.0336929179186 0.500363864044545 0.01905468352932
11.0427748651552 0.500557520731334 0.0235915043424131
11.0518684205843 0.500792698563166 0.0281321741937552
11.0609739766706 0.501069549039508 0.0326765052272301
11.0700919302121 0.501388227577326 0.0372243085501116
11.0792226825488 0.501748893587701 0.0417753941888388
11.0883666397758 0.502151710556351 0.0463295710438311
11.0975242129627 0.502596846128205 0.050886646843293
11.1066958183801 0.503084472196167 0.0554464280958734
11.1158818777314 0.503614764994261 0.0600087200422461
11.1250828183936 0.504187905195313 0.0645733266054476
11.1342990736642 0.504804078013371 0.0691400503399955
11.1435310830167 0.505463473311063 0.0737086923796323
11.1527792923648 0.506166285712085 0.0782790523836251
11.1620441543351 0.506912714719082 0.0828509284816632
11.1713261285499 0.507702964837133 0.0874241172171314
11.1806256819193 0.508537245703113 0.091998413488777
11.1899432889442 0.509415772221199 0.0965736104905959
11.1992794320314 0.510338764704827 0.101149499649979
11.2086613711123 0.511309279409127 0.105738952506657
11.2181779593963 0.512337667544906 0.110384762546366
11.2278620715434 0.513429496237521 0.115102089394866
11.2377261348539 0.514588523715518 0.119895974114346
11.247775055673 0.515817837210484 0.124767699912851
11.2580110052017 0.517120295799448 0.129717141302025
11.2684352034807 0.518498704309694 0.134743636135259
11.279048586888 0.51995588242695 0.139846309030915
11.28985205924 0.521494692948922 0.145024190417406
11.3008465876036 0.523118054178613 0.150276259360809
11.3120332403552 0.524828946236086 0.155601457951134
11.3234132039502 0.52663041511765 0.160998695058548
11.3349877920436 0.528525576007003 0.166466846094985
11.3467584520805 0.530517616436364 0.172004751247913
11.3587267712925 0.53260979954358 0.177611213098504
11.3708944828497 0.534805467535519 0.183284993956213
11.3832634724803 0.537108045417218 0.189024813025431
11.3958357857095 0.539521045028459 0.194829343438341
11.4086136358159 0.542048069424939 0.200697209157287
11.421599412587 0.544692817642195 0.206626981737526
11.4347956919598 0.547459089883916 0.212617176935753
11.4482052466367 0.550350793181175 0.218666251146456
11.461831057781 0.553371947575249 0.224772597645766
11.4756763279097 0.556526692883753 0.230934542619866
11.4897444951175 0.559819296118241 0.237150340952418
11.5040392487868 0.563254159631129 0.243418171742265
11.5185645469603 0.566835830081119 0.249736133519021
11.53332463558 0.570569008319801 0.256102239120169
11.5483240698286 0.57445856031756 0.262514410188001
11.5635677378456 0.57850952926566 0.268970471239289
11.5790608871347 0.582727149013069 0.275468143253446
11.594809154032 0.587116859022889 0.282005036717135
11.6108185966669 0.591684321064201 0.28857864405343
11.6270957319215 0.596435437892602 0.29518633135242
11.6436475769875 0.601376374217734 0.301825329306399
11.6604816962257 0.6065135803105 0.308492723236259
11.6776062541698 0.611853818669206 0.3151854420761
11.6950300756772 0.617404194244849 0.32190024615867
11.7127627144317 0.623172188825823 0.328633713615049
11.7308145312517 0.629165700305949 0.335382225165729
11.7491967839673 0.635393087713755 0.342141947035556
11.7679217310191 0.641863223074297 0.34890881166944
11.7870027514235 0.648585551418848 0.355678495856062
11.8064544843754 0.655570160568452 0.362446395778727
11.8262929925633 0.66282786271626 0.369207598400696
11.8465359543114 0.67037029034931 0.375956848448197
11.8672028910276 0.678210009725142 0.382688510068255
11.8883154382283 0.686360656008068 0.389396521994026
11.9098976708114 0.694837095357165 0.396074344727523
11.9319764964865 0.70365562086007 0.402714897816956
11.9545821356954 0.712834191396096 0.409310484719146
11.9777487124969 0.722392725546813 0.415852701930816
12.0015149895268 0.732353466940815 0.422332327946249
12.0259252925055 0.742741443524635 0.428739185999919
12.0510306877819 0.753585052144403 0.435061972241454
12.0768905031886 0.764916813039408 0.441288037579983
12.103451844181 0.776719563016545 0.447375762638262
12.1304617958997 0.788883137250912 0.453242634483322
12.1578447187169 0.801371844597054 0.458852982578649
12.1855950209873 0.814179998998087 0.464187589899097
12.2137364457169 0.827314754073827 0.469232334953143
12.2423075398002 0.840789893417924 0.473973951193158
12.2713573522885 0.854623989290516 0.478398333113137
12.3009454214836 0.868840441942369 0.482489693136548
12.331144073143 0.883468571534456 0.486229927618154
12.3620427404627 0.898545665581591 0.489597911939909
12.3937550337992 0.914120350566026 0.492568535432587
12.4264304997846 0.930258239192819 0.495111239363567
12.4602754441568 0.947051996314457 0.497187624669935
12.4955934826969 0.964641060162848 0.498747168604981
12.5328763702145 0.983256061632493 0.499718513877336
12.5663706143592 1.00000001818354 0.49999892637218
