0 1 0.001
1E-05 1.00000001 0.00099999999995
2.34350288425444E-05 1.00000002343503 0.0009999999997254
5.03050865276332E-05 1.00000005030509 0.000999999998734699
0.000104045201897811 1.0000001040452 0.000999999994587298
0.000211525432638166 1.00000021152543 0.000999999977628496
0.000426485894118877 1.00000042648588 0.000999999909054892
0.000856406817080298 1.00000085640671 0.000999999633283703
0.00171624866300314 1.00000171624782 0.000999998527245601
0.00343593235484882 1.00000343592559 0.000999994097189845
0.00687529973854019 1.00000687524557 0.000999976365213634
0.0137540345059229 1.00001375360086 0.000999905414659
0.0275115040406884 1.00002750803365 0.000999621580849884
0.0550264431102193 1.00005499867727 0.000998486401791723
0.110056321249281 1.00010983425404 0.000993949506899055
0.220116077527405 1.00021834202446 0.000975865650585404
0.357582513410768 1.00035000528841 0.000936725005237656
0.475983629692633 1.00045820210705 0.000888814922457619
0.579864610729506 1.00054789472331 0.000836506330316924
0.675108142056752 1.00062496101831 0.000780607684998176
0.768393583491678 1.00069495547674 0.000718995984516407
0.858048661246675 1.00075653772266 0.00065388351049773
0.944150378531649 1.00080996435345 0.000586401013781779
1.02725427157159 1.00085584355671 0.000517142382786852
1.1079483780712 1.00089474218182 0.000446472104796904
1.18673580801115 1.00092710514108 0.000374664871052885
1.26402480785312 1.00095326471146 0.00030196213450309
1.34014629471612 1.00097346648263 0.00022859342878319
1.41537389156237 1.00098789228065 0.000154784129596364
1.48994032969224 1.00099667686981 8.07584726950786E-05
1.56404977851088 1.00099991937772 6.7411399763886E-06
1.63788701592886 1.00099769092355 -6.70414333928289E-05
1.71162443343786 1.00099003961525 -0.000140359659864911
1.78542766795295 1.00097699369044 -0.000212979189355198
1.85946045326615 1.00095856327147 -0.000284659028357036
1.93388915061869 1.00093474098857 -0.000355149320520794
2.00888735381641 1.00090550156424 -0.000424188686262075
2.08464096470908 1.0008708003135 -0.000491500966129955
2.16135420345567 1.00083057036848 -0.000556791135638962
2.23925717502082 1.00078471824502 -0.000619740041473568
2.31861590745293 1.00073311708122 -0.00067999741948043
2.39974631036054 1.00067559639725 -0.000737172334908451
2.48303448716154 1.00061192636348 -0.000790819618368598
2.56896773931526 1.00054179290861 -0.000840419808724987
2.65818452333887 1.00046475658758 -0.000885347988194124
2.75156039117771 1.00038018046646 -0.00092482227648453
2.85036876554589 1.000287093104 -0.000957811601409903
2.95661814140727 1.00018389720541 -0.000982851338616214
3.07388955884209 1.00006763649281 -0.000997609419983182
3.21010479125653 0.999931539639412 -0.00099753893296988
3.37824671436853 0.999765569597113 -0.000971981051947483
3.52036655012795 0.999630264346818 -0.000928959938859619
3.64306286573386 0.999519353439624 -0.000876716099990717
3.75117649961192 0.999427562158654 -0.000819729111892217
3.85058779856754 0.999349034634593 -0.000758865523678411
3.94802252154923 0.99927830175222 -0.000691937096179204
4.04180059474802 0.999216681758252 -0.00062131426375684
4.13201637109352 0.999163893112595 -0.000548214056722905
4.21924794963208 0.999119313297815 -0.000473285855131616
4.30410582175349 0.999082370317572 -0.000396938313883441
4.38711450221472 0.999052620267751 -0.000319487020330862
4.4687029145813 0.999029735944929 -0.000241214207160978
4.54922255939452 0.999013479761366 -0.000162391364169518
4.62896823326895 0.999003680303093 -8.32876720978212E-05
4.70819512260707 0.999000215482612 -4.17354570615647E-06
4.78713185886069 0.999003001211493 7.46772255066023E-05
4.86599049976737 0.999011984063249 0.00015298551032673
4.94497449642195 0.999027136761364 0.000230464620810997
5.02428552359572 0.999048455755756 0.000306817673592443
5.10412988343903 0.999075960492458 0.000381734389168707
5.18472511250612 0.999109694247133 0.000454887145176879
5.26630744655846 0.999149726629829 0.00052592600496272
5.3491409484734 0.999196158132166 0.000594472291782561
5.43352943626378 0.999249127453523 0.000660110035375649
5.51983298387234 0.999308822932827 0.000722374205035953
5.60849197504439 0.999375500467624 0.000780733905568082
5.70006407220404 0.99944951234573 0.000834567312520572
5.79528446474151 0.999531355699343 0.00088312227306719
5.89517120979271 0.99962175913804 0.000925450169311861
6.00122684231908 0.999721851535649 0.000960284905168609
6.11587549844101 0.999833533756912 0.000985793248877428
6.24360760782868 0.999960466796465 0.00099895666281704
6.39517063594723 1.00011174609628 0.000993451802692145
6.57924614176971 1.00029169032633 0.000956167289798217
6.72230706074598 1.00042502896719 0.000904795482103482
6.84751793438853 1.00053469142538 0.000844623706467498
6.95995822107277 1.0006260810397 0.000779290320223746
7.06952218302917 1.00070753452944 0.000706154239074785
7.17408891810005 1.00077737204589 0.000628443873855618
7.27399291609405 1.00083617226124 0.000547774298683825
7.37014887255654 1.00088489724499 0.000464962903834981
7.46344147261751 1.00092436106466 0.000380504886714442
7.5545942585226 1.0009551569348 0.000294782706231992
7.64417967036726 1.00097769701356 0.000208146137922484
7.73265715343375 1.00099226239642 0.000120940118325761
7.82040830480321 1.00099904106955 3.35140615801124E-05
7.90776364927055 1.00099815315918 -5.37743930919207E-05
7.99502232184773 1.00098966682461 -0.000140556663779224
8.08246699086288 1.00097360777918 -0.000226450073081629
8.17037604914378 1.00094996438506 -0.000311053774121055
8.25903467296375 1.00091868938676 -0.00039394347671027
8.34874610997394 1.00087969868529 -0.00047466461471043
8.43984457932569 1.00083286699535 -0.000552723369004603
8.53271151131608 1.00077801961834 -0.000627574579504413
8.62779767874043 1.00071491869363 -0.000698604934753803
8.72565546466968 1.00064324078899 -0.000765108665271909
8.82698899253688 1.00056253976281 -0.000826250717550346
8.93273742722173 1.00047218252523 -0.000881007674483826
9.04422484794979 1.00037123024126 -0.000928065815465883
9.16345909276623 1.00025819635931 -0.000965627226920714
9.29382080087271 1.00013047816767 -0.000990985792078867
9.44206367382833 0.999982675964583 -0.000999368478894487
9.62747290626083 0.999798743211037 -0.000978997408956546
9.82192188838678 0.999613382591867 -0.00092160169932167
9.96970364727996 0.999481904167809 -0.000854611028562253
10.1035395421612 0.999372508070659 -0.000777824295888997
10.2270775659473 0.999281449890746 -0.000694566922686657
10.3482364591641 0.999202776788086 -0.000602623243129121
10.4652590774028 0.999137875897408 -0.000505416776485295
10.5785562669732 0.999086269324254 -0.000404705675905386
10.6890645952373 0.999047216285072 -0.000301465194253546
10.7977154174957 0.999020150094642 -0.00019636873877029
10.9053206360545 0.999004733354872 -8.99983839291076E-05
11.012584548193 0.999000823831248 1.70708356277764E-05
11.1201440619411 0.999008436180673 0.00012423576913034
11.2286104827814 0.999027718023481 0.000230845443253005
11.3386091567355 0.999058941672902 0.000336182913368252
11.4508203993272 0.999102510613781 0.000439442134688015
11.5660281433124 0.999158981866004 0.000539694813031066
11.6851862445347 0.999229109353974 0.000635840316329994
11.8095196501802 0.999313920380888 0.000726526165221283
11.9406944203278 0.999414851600864 0.000810013807170507
12.0811326541991 0.999534004984339 0.000883932976463644
12.2346679458853 0.99967467915876 0.000944780047165869
12.4081481146137 0.999842652977943 0.000986716928927
12.5663706143592 1.00000009194048 0.000999157979728281
