101 0.0158122661313869
101.145363408521 0.0159976456039703
101.290726817043 0.0161863023462128
101.436090225564 0.016378314019149
101.581453634085 0.0165737605964948
101.726817042607 0.0167727244477336
101.872180451128 0.0169752904247044
102.017543859649 0.0171815459518601
102.16290726817 0.0173915811203759
102.308270676692 0.0176054887862961
102.453634085213 0.0178233646729172
102.598997493734 0.01804530747762
102.744360902256 0.0182714189833706
102.889724310777 0.0185018041751258
103.035087719298 0.0187365713613906
103.18045112782 0.0189758323011901
103.325814536341 0.0192197023367326
103.471177944862 0.0194683005320572
103.616541353383 0.0197217498179769
103.761904761905 0.0199801771436444
103.907268170426 0.0202437136350897
104.052631578947 0.0205124947610975
104.197994987469 0.0207866605068153
104.34335839599 0.0210663555555061
104.488721804511 0.0213517294788854
104.634085213033 0.0216429369365079
104.779448621554 0.0219401378846999
104.924812030075 0.0222434977955607
105.070175438596 0.0225531878865939
105.215538847118 0.0228693853615586
105.360902255639 0.0231922736631736
105.50626566416 0.0235220427383436
105.651629072682 0.0238588893166223
105.796992481203 0.0242030172026702
105.942355889724 0.0245546375835186
106.087719298246 0.0249139693514993
106.233082706767 0.0252812394437605
106.378446115288 0.0256566831993477
106.52380952381 0.0260405447348954
106.669172932331 0.0264330773400445
106.814536340852 0.0268345438937782
106.959899749373 0.0272452173029481
107.105263157895 0.0276653809643515
107.250626566416 0.0280953292518155
107.395989974937 0.0285353680298444
107.541353383459 0.028985815195497
107.68671679198 0.0294470012502796
107.832080200501 0.0299192699039671
107.977443609023 0.0304029787124042
108.122807017544 0.0308984997514858
108.268170426065 0.0314062203296798
108.413533834586 0.0319265437416287
108.558897243108 0.0324598900655543
108.704260651629 0.0330066970073977
108.84962406015 0.0335674207948464
108.994987468672 0.034142537124642
109.140350877193 0.0347325421668248
109.285714285714 0.035337953629853
109.431077694236 0.0359593118908465
109.576441102757 0.0365971811955385
109.721804511278 0.0372521509328847
109.8671679198 0.0379248369896799
110.012531328321 0.0386158831909625
110.157894736842 0.0393259628324655
110.303258145363 0.0400557803118854
110.448621553885 0.0408060728663101
110.593984962406 0.0415776124237598
110.739348370927 0.0423712075774752
110.884711779449 0.0431877056923258
111.03007518797 0.0440279951535222
111.175438596491 0.044893007768708
111.320802005013 0.0457837213354828
111.466165413534 0.0467011623874836
111.611528822055 0.0476464091333304
111.756892230576 0.0486205946040446
111.902255639098 0.0496249100259813
112.047619047619 0.0506606084378934
112.19298245614 0.051729008572494
112.338345864662 0.0528314990248071
112.483709273183 0.0539695427317297
112.629072681704 0.0551446817895871
112.774436090226 0.0563585426390801
112.919799498747 0.0576128416499225
113.065162907268 0.0589093911406898
113.210526315789 0.060250105872984
113.355889724311 0.061637010063005
113.501253132832 0.0630722449580655
113.646616541353 0.064558077030538
113.791979949875 0.066096906847267
113.937343358396 0.0676912786786622
114.082706766917 0.0693438909186272
114.228070175439 0.0710576073942439
114.37343358396 0.0728354696528597
114.518796992481 0.0746807103240243
114.664160401003 0.0765967676647569
114.809523809524 0.0785873014090611
114.954887218045 0.0806562100566343
115.100250626566 0.0828076497515782
115.245614035088 0.0850460549198684
115.390977443609 0.0873761608546851
115.53634085213 0.0898030284618068
115.681704260652 0.0923320714035298
115.827067669173 0.0949690859094911
115.972431077694 0.097720283556886
116.117794486216 0.100592327361562
116.263157894737 0.103592371566098
116.408521303258 0.106728105562127
116.553884711779 0.110007802442984
116.699248120301 0.113440372750332
116.844611528822 0.117035424056498
116.989974937343 0.120803327114289
117.135338345865 0.124755289410397
117.280701754386 0.128903437079495
117.426065162907 0.133260906276754
117.571428571429 0.137841945270346
117.71679197995 0.142662028706781
117.862155388471 0.147737985725733
118.007518796992 0.153088143863521
118.152882205514 0.158732490993044
118.298245614035 0.164692857911686
118.443609022556 0.170993124618499
118.588972431078 0.177659453831041
118.734335839599 0.184720555896978
118.87969924812 0.192207989975666
119.025062656642 0.200156507225095
119.170426065163 0.208604442759736
119.315789473684 0.217594164382381
119.461152882206 0.227172587584175
119.606516290727 0.237391768109197
119.751879699248 0.248309585564966
119.897243107769 0.259990534217997
120.042606516291 0.272506640356941
120.187969924812 0.285938529577326
120.333333333333 0.300376672221465
120.478696741855 0.315922841223172
120.624060150376 0.332691824050304
120.769423558897 0.350813439679737
120.914786967419 0.37043492305442
121.06015037594 0.391723753869885
121.205513784461 0.414871024601926
121.350877192982 0.440095465427392
121.496240601504 0.467648272407089
121.641604010025 0.497818921670488
121.786967418546 0.530942198522751
121.932330827068 0.567406729150495
122.077694235589 0.607665377452719
122.22305764411 0.652247964897205
122.368421052632 0.70177689267258
122.513784461153 0.756986399322933
122.659147869674 0.818746380939157
122.804511278195 0.888091942374587
122.949874686717 0.966260142598625
123.095238095238 1.05473574494268
123.240601503759 1.15530816862279
123.385964912281 1.27014221429363
123.531328320802 1.40186538981465
123.676691729323 1.55367454717519
123.822055137845 1.72946355613059
123.967418546366 1.93397089849533
124.112781954887 2.17293948785743
124.258145363409 2.45326722306386
124.40350877193 2.78309959213869
124.548872180451 3.17176477429627
124.694235588972 3.62936198172544
124.839598997494 4.16566864770874
124.984962406015 4.78783140656958
125.130325814536 5.49612105528898
125.275689223058 6.2771279388264
125.421052631579 7.09476985698771
125.5664160401 7.88223184946592
125.711779448622 8.54228539476105
125.857142857143 8.96538473531514
126.002506265664 9.06668638033715
126.147869674185 8.82410082364624
126.293233082707 8.28936793742178
126.438596491228 7.56285068256111
126.583959899749 6.75253933195713
126.729323308271 5.94396219499062
126.874686716792 5.19044232067396
127.020050125313 4.51744604186117
127.165413533835 3.93167420188411
127.310776942356 3.42931435218497
127.456140350877 3.00173438501774
127.601503759399 2.63882642215088
127.74686716792 2.33072910143472
127.892230576441 2.06858350350271
128.037593984962 1.84476916020692
128.182957393484 1.652886439788
128.328320802005 1.48763126500516
128.473684210526 1.34463673668062
128.619047619048 1.22031681711605
128.764411027569 1.11172660947769
128.90977443609 1.01644355163559
129.055137844612 0.932469134902073
129.200501253133 0.858148856477822
129.345864661654 0.792107577417577
129.491228070175 0.733197539101988
129.636591478697 0.680456616232275
129.781954887218 0.633074773551312
129.927318295739 0.590367066616843
130.072681704261 0.551751853173903
130.218045112782 0.516733153642391
130.363408521303 0.484886319934681
130.508771929825 0.455846348083595
130.654135338346 0.429298309630739
130.799498746867 0.404969486507771
130.944862155388 0.382622880346873
131.09022556391 0.36205183480597
131.235588972431 0.343075562619724
131.380952380952 0.325535410875355
131.526315789474 0.30929173095601
131.671679197995 0.294221245636525
131.817042606516 0.280214826465126
131.962406015038 0.26717561098988
132.107769423559 0.255017402498994
132.25313283208 0.243663305444384
132.398496240602 0.233044558157896
132.543859649123 0.223099531276926
132.689223057644 0.213772865806621
132.834586466165 0.205014729221482
132.979949874687 0.196780171657315
133.125313283208 0.189028567227968
133.270676691729 0.181723127949363
133.416040100251 0.174830479768842
133.561403508772 0.168320291862248
133.706766917293 0.162164951740194
133.852130325815 0.15633927985088
133.997493734336 0.150820278321934
134.142857142857 0.14558690928215
134.288220551378 0.140619898873234
134.4335839599 0.135901563624317
134.578947368421 0.131415656336131
134.724310776942 0.127147229022521
134.869674185464 0.123082510796474
135.015037593985 0.119208798876204
135.160401002506 0.115514361132421
135.305764411028 0.111988348807381
135.451127819549 0.108620718215662
135.59649122807 0.105402160390195
135.741854636591 0.102324037769195
135.887218045113 0.0993783271332946
136.032581453634 0.0965575681002897
136.177944862155 0.0938548165697433
136.323308270677 0.0912636025831414
136.468671679198 0.0887778921290931
136.614035087719 0.0863920524785183
136.759398496241 0.0841008206830893
136.904761904762 0.0818992749123557
137.050125313283 0.0797828083418469
137.195488721805 0.0777471053367532
137.340852130326 0.0757881197040828
137.486215538847 0.0739020548111076
137.631578947368 0.0720853453897948
137.77694235589 0.0703346408662301
137.922305764411 0.0686467900710931
138.067669172932 0.0670188272022916
138.213032581454 0.0654479589242201
138.358395989975 0.0639315524999242
138.503759398496 0.0624671248629527
138.649122807018 0.0610523325450202
138.794486215539 0.0596849623839101
138.93984962406 0.0583629229434553
139.085213032581 0.0570842365840437
139.230576441103 0.0558470321280121
139.375939849624 0.0546495380695634
139.521303258145 0.0534900762835952
139.666666666667 0.0523670561920584
139.812030075188 0.0512789693502851
139.957393483709 0.050224384419155
140.102756892231 0.0492019424920429
140.248120300752 0.0482103527482792
140.393483709273 0.0472483884073552
140.538847117794 0.0463148829603622
140.684210526316 0.0454087266572062
140.829573934837 0.0445288632299808
140.974937343358 0.0436742868345562
141.12030075188 0.0428440391939598
141.265664160401 0.042037206928499
141.411027568922 0.0412529190588246
141.556390977444 0.0404903446692704
141.701754385965 0.0397486907198364
141.847117794486 0.0390271999961192
141.992481203008 0.0383251491873584
142.137844611529 0.0376418470835373
142.28320802005 0.0369766328831998
142.428571428571 0.0363288746042894
142.573934837093 0.0356979675909123
142.719298245614 0.0350833331094767
142.864661654135 0.0344844170281495
143.010025062657 0.0339006885740379
143.155388471178 0.0333316391629158
143.300751879699 0.0327767812967022
143.446115288221 0.03223564752425
143.591478696742 0.0317077894613308
143.736842105263 0.0311927768659971
143.882205513784 0.0306901967657767
144.027568922306 0.0301996526334121
144.172932330827 0.029720763608084
144.318295739348 0.029253163759277
144.46365914787 0.0287965013906443
144.609022556391 0.0283504383814057
144.754385964912 0.0279146495629903
144.899749373434 0.0274888221287834
145.045112781955 0.0270726550749882
145.190476190476 0.0266658586707425
145.335839598998 0.0262681539557553
145.481203007519 0.0258792722638446
145.62656641604 0.0254989547708619
145.771929824561 0.0251269520655899
145.917293233083 0.0247630237422875
146.062656641604 0.0244069380136476
146.208020050125 0.0240584713430047
146.353383458647 0.0237174080947097
146.498746867168 0.0233835402016533
146.644110275689 0.0230566668489832
146.789473684211 0.0227365941731227
146.934837092732 0.02242313497525
147.080200501253 0.02211610844845
147.225563909774 0.0218153399177993
147.370927318296 0.0215206605926895
147.516290726817 0.0212319073307329
147.661654135338 0.020948922412639
147.80701754386 0.0206715533274825
147.952380952381 0.0203996525678164
148.097744360902 0.0201330774341225
148.243107769424 0.0198716898481122
148.388471177945 0.0196153561744253
148.533834586466 0.0193639470502986
148.679197994987 0.0191173372227976
148.824561403509 0.0188754053932334
148.96992481203 0.0186380340684022
149.115288220551 0.0184051094183088
149.260651629073 0.0181765211400546
149.406015037594 0.0179521623275835
149.551378446115 0.0177319293470044
149.696741854637 0.0175157217172142
149.842105263158 0.0173034419955695
149.987468671679 0.017094995668362
150.132832080201 0.0168902910458706
150.278195488722 0.0166892391617704
150.423558897243 0.0164917536766957
150.568922305764 0.0162977507857617
150.714285714286 0.0161071491298585
150.859649122807 0.0159198697105453
151.005012531328 0.0157358358083773
151.15037593985 0.0155549729045083
151.295739348371 0.0153772086054202
151.441102756892 0.0152024725706371
151.586466165414 0.0150306964432905
151.731829573935 0.0148618137834064
151.877192982456 0.0146957600037954
152.022556390977 0.0145324723084279
152.167919799499 0.0143718896331865
152.31328320802 0.0142139525888916
152.458646616541 0.0140586034064994
152.604010025063 0.013905785884381
152.749373433584 0.0137554453375895
152.894736842105 0.0136075285490332
153.040100250627 0.0134619837224705
153.185463659148 0.0133187604372521
153.330827067669 0.0131778096047342
153.47619047619 0.0130390834262947
153.621553884712 0.0129025353528833
153.766917293233 0.0127681200460445
153.912280701754 0.0126357933403493
154.057644110276 0.0125055122071808
154.203007518797 0.012377234719816
154.348370927318 0.0122509200197526
154.49373433584 0.0121265282842295
154.639097744361 0.0120040206948927
154.784461152882 0.0118833594075617
154.929824561404 0.0117645075230518
155.075187969925 0.0116474290590098
155.220551378446 0.0115320889227247
155.365914786967 0.0114184528848737
155.511278195489 0.0113064875541666
155.65664160401 0.0111961603528557
155.802005012531 0.0110874394930748
155.947368421053 0.0109802939539785
156.092731829574 0.0108746934596475
156.238095238095 0.0107706084577343
156.383458646617 0.0106680100988185
156.528822055138 0.0105668702164456
156.674185463659 0.0104671613078246
156.81954887218 0.0103688565151579
156.964912280702 0.0102719296075817
157.110275689223 0.0101763549636925
157.255639097744 0.0100821075546399
157.401002506266 0.009989162927763
157.546365914787 0.00989749719075208
157.691729323308 0.00980708699631527
157.83709273183 0.00971790952733243
157.982456140351 0.00962994248247866
158.127819548872 0.00954316406230037
158.273182957393 0.00945755295572761
158.418546365915 0.00937308832700748
158.563909774436 0.00928974980304329
158.709273182957 0.00920751746112532
158.854636591479 0.00912637181703949
159 0.00904629381354046
