1 117.74311059066
1.07035175879397 116.333244538028
1.14070351758794 114.940260341807
1.21105527638191 113.563955857208
1.28140703517588 112.204131359941
1.35175879396985 110.860589517231
1.42211055276382 109.533135359183
1.49246231155779 108.221576250488
1.56281407035176 106.92572186247
1.63316582914573 105.645384145462
1.7035175879397 104.380377301523
1.77386934673367 103.130517757469
1.84422110552764 101.89562413824
1.91457286432161 100.675517240575
1.98492462311558 99.4700200070077
2.05527638190955 98.2789575001744
2.12562814070352 97.1021568774251
2.19597989949749 95.9394473657431
2.26633165829146 94.790660236962
2.33668341708543 93.655628783281
2.4070351758794 92.5341882930729
2.47738693467337 91.4261760269813
2.54773869346734 90.331431194305
2.61809045226131 89.2497949296641
2.68844221105528 88.1811102699465
2.75879396984925 87.1252221315298
2.82914572864322 86.0819772877761
2.89949748743719 85.0512243467962
2.96984924623116 84.0328137294805
3.04020100502513 83.0265976477923
3.1105527638191 82.0324300833215
3.18090452261307 81.050166766095
3.25125628140704 80.0796651536404
3.32160804020101 79.1207844103014
3.39195979899498 78.1733853867995
3.46231155778894 77.2373306000417
3.53266331658291 76.3124842131693
3.60301507537688 75.3987120158458
3.67336683417085 74.4958814047805
3.74371859296482 73.6038613644861
3.81407035175879 72.7225224482657
3.88442211055276 71.8517367594282
3.95477386934673 70.9913779327286
4.0251256281407 70.1413211160299
4.09547738693467 69.3014429521854
4.16582914572864 68.4716215611373
4.23618090452261 67.65173652223
4.30653266331658 66.8416688567352
4.37688442211055 66.041301010586
4.44723618090452 65.2505168373179
4.51758793969849 64.4692015812141
4.58793969849246 63.6972418606525
4.65829145728643 62.9345256516523
4.7286432160804 62.1809422716173
4.79899497487437 61.4363823632743
4.86934673366834 60.7007378788033
4.93969849246231 59.9739020641582
5.01005025125628 59.2557694435748
5.08040201005025 58.5462358042648
5.15075376884422 57.8451981812929
5.22110552763819 57.1525548426344
5.29145728643216 56.4682052744127
5.36180904522613 55.7920501663129
5.4321608040201 55.1239913971704
5.50251256281407 54.4639320207317
5.57286432160804 53.8117762515859
5.64321608040201 53.167429451265
5.71356783919598 52.53079811451
5.78391959798995 51.9017898557018
5.85427135678392 51.2803133954546
5.92462311557789 50.6662785473699
5.99497487437186 50.0595962049485
6.06532663316583 49.4601783286605
6.1356783919598 48.8679379331684
6.20603015075377 48.2827890747047
6.27638190954774 47.7046468386001
6.34673366834171 47.1334273269605
6.41708542713568 46.5690476464925
6.48743718592965 46.0114258964741
6.55778894472362 45.4604811568694
6.62814070351759 44.9161334765861
6.69849246231156 44.3783038618729
6.76884422110553 43.8469142648565
6.8391959798995 43.3218875722156
6.90954773869347 42.8031475939902
6.97989949748744 42.2906190525255
7.05025125628141 41.7842275715477
7.12060301507538 41.283899665371
7.19095477386935 40.7895627282332
7.26130653266332 40.30114502376
7.33165829145729 39.8185756745544
7.40201005025126 39.3417846519113
7.47236180904523 38.8707027656555
7.5427135678392 38.4052616541007
7.61306532663317 37.9453937741294
7.68341708542714 37.4910323913911
7.75376884422111 37.042111570618
7.82412060301507 36.598566166057
7.89447236180905 36.1603318120156
7.96482412060301 35.7273449135219
8.03517587939698 35.2995426370953
8.10552763819095 34.8768629016288
8.17587939698493 34.4592443693799
8.24623115577889 34.0466264370693
8.31658291457286 33.6389492270869
8.38693467336683 33.2361535788018
8.4572864321608 32.8381810399778
8.52763819095477 32.4449738582906
8.59798994974874 32.0564749729473
8.66834170854271 31.6726280064057
8.73869346733668 31.2933772561932
8.80904522613065 30.9186676868233
8.87939698492462 30.548444921809
8.94974874371859 30.1826552357723
9.02010050251256 29.8212455466472
9.09045226130653 29.4641634079768
9.1608040201005 29.1113570013029
9.23115577889447 28.7627751286457
9.30150753768844 28.4183672050744
9.37185929648241 28.0780832513665
9.44221105527638 27.741873886755
9.51256281407035 27.4096903217624
9.58291457286432 27.0814843511206
9.65326633165829 26.7572083467753
9.72361809045226 26.4368152509749
9.79396984924623 26.1202585694412
9.8643216080402 25.8074923646222
9.93467336683417 25.4984712490266
10.0050251256281 25.1931503786362
10.0753768844221 24.8914854463994
10.1457286432161 24.5934326758007
10.2160804020101 24.2989488145085
10.286432160804 24.0079911280982
10.356783919598 23.720517393851
10.427135678392 23.4364858946262
10.4974874371859 23.1558554128082
10.5678391959799 22.8785852243242
10.6381909547739 22.6046350927351
10.7085427135678 22.3339652633965
10.7788944723618 22.0665364576893
10.8492462311558 21.8023098673199
10.9195979899497 21.5412471486887
10.9899497487437 21.2833104173255
11.0603015075377 21.0284622423922
11.1306532663317 20.7766656412503
11.2010050251256 20.5278840740951
11.2713567839196 20.2820814386522
11.3417085427136 20.0392220649393
11.4120603015075 19.7992707100891
11.4824120603015 19.5621925532357
11.5527638190955 19.3279531904611
11.6231155778894 19.0965186298029
11.6934673366834 18.8678552863211
11.7638190954774 18.6419299772248
11.8341708542714 18.4187099170567
11.9045226130653 18.1981627129353
11.9748743718593 17.9802563598542
12.0452261306533 17.7649592360378
12.1155778894472 17.5522400983521
12.1859296482412 17.3420680777713
12.2562814070352 17.1344126748979
12.3266331658291 16.9292437555366
12.3969849246231 16.7265315463218
12.4673366834171 16.5262466303965
12.5376884422111 16.3283599431438
12.608040201005 16.1328427679689
12.678391959799 15.9396667321321
12.748743718593 15.7488038026311
12.8190954773869 15.5602262821333
12.8894472361809 15.3739068049563
12.9597989949749 15.1898183330967
13.0301507537688 15.0079341523064
13.1005025125628 14.8282278682163
13.1708542713568 14.6506734025052
13.2412060301508 14.4752449891164
13.3115577889447 14.3019171705179
13.3819095477387 14.1306647940084
13.4522613065327 13.9614630080674
13.5226130653266 13.7942872587484
13.5929648241206 13.629113286116
13.6633165829146 13.4659171207253
13.7336683417085 13.3046750801437
13.8040201005025 13.145363765514
13.8743718592965 12.9879600581589
13.9447236180905 12.8324411162261
14.0150753768844 12.6787843713737
14.0854271356784 12.5269675254948
14.1557788944724 12.3769685474823
14.2261306532663 12.2287656700312
14.2964824120603 12.08233738648
14.3668341708543 11.9376624476901
14.4371859296482 11.7947198589616
14.5075376884422 11.6534888769871
14.5778894472362 11.5139490068413
14.6482412060302 11.3760799990068
14.7185929648241 11.2398618464358
14.7889447236181 11.1052747816465
14.8592964824121 10.9722992738546
14.929648241206 10.8409160261392
15 10.7111059726421
