1E-06 9.999990000005E-07 9.99999E-07
0.101011090909091 0.0913062490856405 0.0913062937513142
0.202021181818182 0.165066986544605 0.165068097680968
0.303031272727273 0.223811624899012 0.223815244178538
0.404041363636364 0.269744683329544 0.269749059728935
0.505051454545455 0.304785685683323 0.304791791002739
0.606061545454545 0.330603573880356 0.330613988265537
0.707071636363636 0.348647139391167 0.348659434792331
0.808081727272727 0.360171920264981 0.360181656477023
0.909091818181818 0.366263961959387 0.366289954663154
1.01010190909091 0.367860796322737 0.367872892132888
1.111112 0.365769953940225 0.365788890498437
1.21212209090909 0.360685290164288 0.36072538211018
1.31313218181818 0.353201374054297 0.353227842508441
1.41414227272727 0.343826161742449 0.343837411454902
1.51515236363636 0.33299215105834 0.333038019995861
1.61616245454545 0.321066192258698 0.321139475316042
1.71717254545455 0.308358110130573 0.308418577012835
1.81818263636364 0.295128275306082 0.295152124683632
1.91919272727273 0.28159424711268 0.281614172043588
2.02020281818182 0.267936596477554 0.267997513715725
2.12121290909091 0.254304005122914 0.254402139043312
2.222223 0.240817726365482 0.24092296946412
2.32323309090909 0.227575483120624 0.227654926415922
2.42424318181818 0.214654870077535 0.214692931336489
2.52525327272727 0.202116319339132 0.202131711496842
2.62626336363636 0.190005682003688 0.190038077585229
2.72727345454545 0.178356472111158 0.178422063951505
2.82828354545455 0.167191814001962 0.167286809903944
2.92929363636364 0.156526129365185 0.156635454750824
3.03030372727273 0.146366596020094 0.146471137800419
3.13131381818182 0.13671440672044 0.136796998361004
3.23232390909091 0.127565852942141 0.127616175740856
3.333334 0.11891325566464 0.118931809248251
3.43434409090909 0.110745762542403 0.110744418586316
3.53535418181818 0.103050028548304 0.10303966446472
3.63636427272727 0.0958107951216396 0.0957979749253195
3.73737436363636 0.089011381040577 0.0889997721701093
3.83838445454545 0.082634096635485 0.0826254784010828
3.93939454545455 0.0766605915423056 0.0766555158202337
4.04040463636364 0.0710721449429535 0.0710703066295559
4.14141472727273 0.0658499061340058 0.0658502730310431
4.24242481818182 0.0609750922891125 0.0609758372266889
4.34343490909091 0.0564291494198515 0.0564274214184872
4.444445 0.0521938817810573 0.0521856607455232
4.54545509090909 0.0482515542983189 0.0482339627900806
4.64646518181818 0.0445849720070066 0.0445576757724281
4.74747527272727 0.0411775399746413 0.0411421878245106
4.84848536363636 0.0380133067235057 0.0379728870782731
4.94949545454545 0.0350769937708401 0.0350351616656604
5.05050554545455 0.0323540135533421 0.0323143997186173
5.15151563636364 0.029830477695278 0.0297959893690888
5.25252572727273 0.0274931973102467 0.0274653187490196
5.35353581818182 0.0253296767910281 0.0253077759903548
5.45454590909091 0.023328102336009 0.0233087572696104
5.555556 0.0214773262808885 0.0214555667689854
5.65656609090909 0.0197668481475948 0.019739869738366
5.75757618181818 0.0181867931858374 0.0181539379796236
5.85858627272727 0.0167278890640199 0.0166900432946291
5.95959636363636 0.0153814412631926 0.0153404574852538
6.06060645454545 0.0141393076384155 0.0140974523533688
6.16161654545455 0.0129938725346451 0.0129532997008452
6.26262663636364 0.011938020777558 0.0119002713295543
6.36363672727273 0.0109651118022692 0.0109306390413671
6.46464681818182 0.0100689541335285 0.0100366746381547
6.56565690909091 0.00924378038866583 0.00921075936011618
6.666667 0.00848422293840187 0.00844742022965578
6.76767709090909 0.00778529032985145 0.00774314204153613
6.86868718181818 0.00714234454992862 0.00709448132773747
6.96969727272727 0.00655107918529867 0.00649799462024007
7.07070736363636 0.00600749851647612 0.00595023845102417
7.17171745454545 0.00550789756816788 0.00544776935207004
7.27272754545455 0.00504884312509104 0.00498714385535793
7.37373763636364 0.00462715571189505 0.00456491849286809
7.47474772727273 0.00423989252716902 0.00417764979658079
7.57575781818182 0.00388433131454121 0.00382189429847627
7.67676790909091 0.00355795514833583 0.00349420853053479
7.777778 0.00325843810693269 0.00319135093623717
7.87878809090909 0.00298363180369348 0.00291140789404755
7.97979818181818 0.00273155274291501 0.00265300224599425
8.08080827272727 0.00250037046660651 0.00241475833325019
8.18181836363636 0.00228839645684477 0.00219530049698827
8.28282845454545 0.0020940737579338 0.00199325307838143
8.38383854545454 0.0019159672824949 0.00180724041860256
8.48484863636364 0.00175275476586251 0.0016358868588246
8.58585872727273 0.00160321833369299 0.00147781674022046
8.68686881818182 0.00146623664845282 0.00133165440396305
8.78787890909091 0.00134077760138926 0.00119602419122529
8.888889 0.00122589151766069 0.00106955044318011
8.98989909090909 0.00112070484347947 0.000950857501000405
9.09090918181818 0.0010244142853683 0.00083857999329577
9.19191927272727 0.000936281372927181 0.000731842582102615
9.29292936363636 0.000855627417830586 0.000630464171275567
9.39393945454545 0.000781828843107535 0.000534316353732432
9.49494954545455 0.000714312858085318 0.000443270722391013
9.59595963636364 0.000652553455690533 0.00035719887016912
9.69696972727273 0.000596067710088676 0.000275972389984556
9.79797981818182 0.000544412353898974 0.000199462874755126
9.89898990909091 0.000497180615438506 0.000127541917398636
10 0.000453999297624849 6.00811108328907E-05
