0 -9.47207115520321E-09 1.00000010046483
0.330693963535768 0.324684539005272 0.945821983176299
0.661387927071535 0.614342557886811 0.78915886803068
0.992081890607303 0.837085881774176 0.546900796611345
1.32277585414307 0.967211728767812 0.243422314996148
1.65346981767884 0.995598905880703 -0.085396353707748
1.98416378121461 0.916632908188377 -0.401258617822426
2.31485774475037 0.731550922657156 -0.669442462319035
2.64555170828614 0.467791252698533 -0.868895181956306
2.97624567182191 0.159054215185311 -0.981831008689173
3.30693963535768 -0.160959873009702 -0.990464174472568
3.63763359889344 -0.459961426294226 -0.882588735975143
3.96832756242921 -0.713513688380255 -0.677058818944249
4.29902152596498 -0.899896331756817 -0.403472761460522
4.62971548950075 -0.997391643977724 -0.0914392448948465
4.96040945303652 -0.985998736693747 0.229427008053239
5.29110341657228 -0.866343449747871 0.52943869133432
5.62179738010805 -0.652683727816119 0.778860528914339
5.95249134364382 -0.359519753300084 0.947956392349422
6.28318530717959 -0.0182460794122637 1.0096977451515
