1 119.975700195713 123.60941890964 116.448801106119 119.552271004985 120.400629084255
1.07035175879397 118.53785719345 122.12802778041 115.053226056177 118.090126237658 118.987285691747
1.14070351758794 117.117245951416 120.664390311841 113.674376208226 116.645863751466 117.590533072562
1.21105527638191 115.713659956411 119.21829373604 112.312051119887 115.219264843048 116.210176473069
1.28140703517588 114.326895170182 117.789527835024 110.966052750974 113.810113483819 114.846023425783
1.35175879396985 112.956749999761 116.377884910155 109.636185434705 112.418196287261 113.497883722534
1.42211055276382 111.603025268165 114.98315975195 108.322255849256 111.043302476612 112.165569387941
1.49246231155779 110.265524185433 113.605149610248 107.024072989659 109.685223852943 110.848894653207
1.56281407035176 108.944052320028 112.243654164739 105.741448140036 108.343754763635 109.547675930211
1.63316582914573 107.638417570565 110.898475495842 104.474194846166 107.018692071236 108.261731785914
1.7035175879397 106.348430137893 109.569418055933 103.22212888838 105.709835122699 106.990882917059
1.77386934673367 105.073902497496 108.25628864092 101.985068254778 104.416985719 105.734952125172
1.84422110552764 103.814649372237 106.958896362155 100.762833114777 103.13994808512 104.493764291854
1.91457286432161 102.570487705426 105.677052618686 99.5552457929609 101.878528840404 103.267146354361
1.98492462311558 101.341236634206 104.410571069842 98.362130743259 100.632536969277 102.054927281477
2.05527638190955 100.126717463261 103.159267608139 97.1833145234229 99.4017837923139 100.856938049666
2.12562814070352 98.9267536388424 101.922960332524 96.0186257698142 98.1860829376734 99.6730116195032
2.19597989949749 97.7411707231003 100.701469521926 94.8678951724944 96.9852503128733 98.5029829123838
2.26633165829146 96.5697963687269 99.4946176091343 93.7309554506114 95.7991040769141 97.3466887875072
2.33668341708543 95.4124602939028 98.3022291549823 92.6076413280826 94.6274646127428 96.2039680191291
2.4070351758794 94.2689942575427 97.1241308228465 91.4977895095685 93.4701545000539 95.0746612740808
2.47738693467337 93.1392320348384 95.9601513534478 90.4012386567351 92.3269984884222 93.9586110895536
2.54773869346734 92.0230093930949 94.8101215399554 89.3178293647993 91.1978234707657 92.8556618511427
2.61809045226131 90.9201640678562 93.6738742033899 88.2474041393575 90.0824584571317 91.7656597711498
2.68844221105528 89.8305357393167 92.55124416832 87.18980737349 88.9807345488036 90.6884528671398
2.75879396984925 88.7539660090159 91.4420682388517 86.1448853251405 87.8924849127253 89.6238909407493
2.82914572864322 87.6902983768119 90.3461851749042 85.1124860947673 86.8175447562375 88.5718255567442
2.89949748743719 86.6393782181313 89.2634356687706 84.0924596032613 85.7557513021234 87.5321100223228
2.96984924623116 85.6010527614916 88.1936623219599 83.0846575701294 84.7069437639593 86.5045993666619
3.04020100502513 84.5751710662923 87.1367096223153 82.0889334919386 83.6709633217674 85.4891503207032
3.1105527638191 83.5615840008739 86.0924239214081 81.1051426210197 82.647653097965 84.4856212971766
3.18090452261307 82.5601442208375 85.060653412202 80.1331419444246 81.6368581336095 83.4938723708587
3.25125628140704 81.5707061476265 84.0412481069846 79.1727901631371 80.6384253649325 82.513765259062
3.32160804020101 80.5931259473632 83.034059815564 78.2239476715322 79.6522036001618 81.5451633023541
3.39195979899498 79.6272615099403 82.0389421237266 77.286476537082 78.6780434966265 80.5879314455028
3.46231155778894 78.6729724283622 81.055750371953 76.3602404803042 77.7157975381421 79.6419362186449
3.53266331658291 77.7301199783339 80.0843416343885 75.4451048549512 76.7653200126725 78.7070457186757
3.60301507537688 76.7985670980954 79.1245746980669 74.5409366284374 75.8264669902645 77.7831295908581
3.67336683417085 75.8781783684967 78.1763100423817 73.6476043624992 74.8990963012532 76.8700590106461
3.74371859296482 74.9688199933118 77.2394098188043 72.7649781940889 73.9830675147328 75.9677066657229
3.81407035175879 74.0703597797895 76.3137378308455 71.8929298164962 73.0782419172918 75.0759467382489
3.88442211055276 73.182667119436 75.3991595142559 71.0313324606963 72.1844824920072 74.1946548873189
3.95477386934673 72.3056129690289 74.4955419174654 70.1800608769218 71.3016538976968 73.3237082316246
4.0251256281407 71.4390698318579 73.6027536822551 69.3389913164551 70.429622448424 72.4629853323211
4.09547738693467 70.5829117391909 72.7206650246627 68.5080015136388 69.5682560932543 71.6123661760941
4.16582914572864 69.7370142319622 71.8491477161153 67.6869706681031 68.7174243962585 70.771732158426
4.23618090452261 68.9012543426796 70.9880750647894 66.8757794272036 67.8769985167616 69.9409660670589
4.30653266331658 68.075510577549 70.1373218971933 66.0743098686725 67.0468511898316 69.1199520656508
4.37688442211055 67.2596628988126 69.2967645399712 65.2824454834755 66.2268567070089 68.3085756776245
4.44723618090452 66.4535927072997 68.4662808019247 64.5000711588753 65.4168908972697 67.5067237702059
4.51758793969849 65.6571828251853 67.6457499562495 63.7270731616976 64.6168311082231 66.714284538649
4.58793969849246 64.8703174789567 66.8350527229866 62.9633391217978 63.826556187538 65.9311474906471
4.65829145728643 64.0928822825831 66.0340712516812 62.2087580157261 63.0459464645971 65.1572034309264
4.7286432160804 63.3247642208874 65.2426891042521 61.4632201505875 62.2748837323752 64.3923444460206
4.79899497487437 62.565851633118 64.4607912380645 60.7266171480968 61.5132512295394 63.6364638892238
4.86934673366834 61.8160341967156 63.6882639892064 59.9988419288225 60.7609336227677 62.8894563657209
4.93969849246231 61.0752029112767 62.9249950559657 59.2797886966218 60.0178169892847 62.1512177178918
5.01005025125628 60.3432500827077 62.1708734825047 58.5693529232606 59.2837887996098 61.4216450107887
5.08040201005025 59.6200693075698 61.4257896427305 57.8674313332184 58.5587379005173 60.700636517783
5.15075376884422 58.9055554576109 60.6896352243589 57.1739218886751 57.8425544982047 59.9880917063816
5.22110552763819 58.1996046644836 59.9623032131689 56.4887237746779 57.1351301416662 59.2839112242094
5.29145728643216 57.5021143046456 59.2436878774467 55.8117373844863 56.4363577062706 58.587996885156
5.36180904522613 56.8129829844415 58.5336847526147 55.1428643050915 55.7461313775393 57.9002516556857
5.4321608040201 56.1321105253632 57.8321906260462 54.4820073029111 55.0643466351229 57.2205796413072
5.50251256281407 55.4593979494873 57.1391035220611 53.8290703096536 54.3909002369737 56.5488860732036
5.57286432160804 54.7947474650865 56.4543226871022 53.1839584083534 53.725690203712 55.8850772950174
5.64321608040201 54.1380624524136 55.7777485750883 52.5465778195727 53.0686158031835 55.2290607497928
5.71356783919598 53.4892474496562 55.1092828329432 51.9168358877689 52.4195775352051 54.5807449670694
5.78391959798995 52.8482081390594 54.4488282862988 51.2946410678252 51.7784771164985 53.9400395501284
5.85427135678392 52.214851333215 53.7962889253683 50.679902911743 51.1452174658062 53.3068551633886
5.92462311557789 51.5890849615146 53.1515698909897 50.0725320554932 50.5197026891915 52.6811035199495
5.99497487437186 50.9708180567657 52.5145774608359 49.4724402060257 49.9018380655167 52.0626973692819
6.06532663316583 50.3599607419677 51.8852190357905 48.8795401284342 49.2915300321002 51.4515504850614
6.1356783919598 49.7564242172466 51.2634031264871 48.293745633275 48.6886861705478 50.8475776531464
6.20603015075377 49.1601207469462 50.6490393400088 47.7149715640375 48.093215192758 50.250694659696
6.27638190954774 48.5709636468742 50.0420383667484 47.1431337847652 47.5050269270986 49.6608182794279
6.34673366834171 47.9888672717005 49.4423119674254 46.5781491678251 46.924032304752 49.0778662640138
6.41708542713568 47.4137470025076 48.8497729602588 46.0199355818233 46.3501433462274 48.501757330612
6.48743718592965 46.8455192344893 48.2643352082933 45.4684118796653 45.7832731480381 47.9324111505328
6.55778894472362 46.2841013647971 47.6859136068779 44.9234978867604 45.2233358695422 47.3697483380388
6.62814070351759 45.7294117805325 47.1144240712941 44.3851143893663 44.6702467199433 46.8136904392757
6.69849246231156 45.1813698468825 46.5497835245327 43.8531831230739 44.1239219454514 46.2641599213332
6.76884422110553 44.6398958953987 45.9919098852171 43.3276267614305 43.5842788165991 45.7210801614343
6.8391959798995 44.1049112124148 45.4407220556707 42.808368904698 43.0512356157152 45.1843754362515
6.90954773869347 43.5763380276052 44.8961399101282 42.2953340687477 42.5247116245491 44.6539709113487
6.97989949748744 43.0540995026785 44.3580842830878 41.7884476740866 42.0046271120487 44.1297926307465
7.05025125628141 42.5381197202084 43.8264769578027 41.2876360350162 41.4909033222858 43.6117675066105
7.12060301507538 42.0283236725973 43.301240654911 40.7928263489206 40.9834624625313 43.0998233090603
7.19095477386935 41.5246372511726 42.7822990212017 40.3039466856832 40.482227691474 42.5938886560985
7.26130653266332 41.0269872354133 42.2695766185149 39.8209259772308 39.9871231075854 42.0938930036572
7.33165829145729 40.5353012823065 41.7629989127759 39.3436940072018 39.4980737376256 41.5997666357623
7.40201005025126 40.0495079158304 41.2624922631601 38.8721814007393 39.0150055252904 41.1114406548125
7.47236180904523 39.5695365165642 40.7679839113876 38.4063196144059 38.5378453199968 40.6288469719729
7.5427135678392 39.0953173114224 40.2794019711467 37.9460409262201 38.0665208658058 40.151918297681
7.61306532663317 38.6267813635113 39.7966754176439 37.4912784258107 37.6009607904811 39.6805881322643
7.68341708542714 38.1638605621083 39.3197340772786 37.041966004691 37.1410945946813 39.2147907566682
7.75376884422111 37.7064876127605 38.8485086174426 36.5980383466483 36.6868526412836 38.7544612232922
7.82412060301507 37.254596027502 38.3829305364409 36.1594309182486 36.2381661448394 38.2995353469347
7.89447236180905 36.8081201151888 37.9229321535337 35.7260799594559 35.7949671611578 37.8499496958427
7.96482412060301 36.3669949719493 37.4684465990979 35.2979224743634 35.3571885770172 37.4056415828681
8.03517587939698 35.9311564717491 37.0194078049062 34.8748962220356 34.9247641000021 36.9665490567262
8.10552763819095 35.5005412570693 36.5757504945225 34.4569397074604 34.4976282484644 36.5326108933584
8.17587939698493 35.075086729696 36.1374101738135 34.0439921726099 34.0757163416082 36.1037665873949
8.24623115577889 34.6547310416208 35.7043231215723 33.6359935876077 33.6589644896944 35.6799563437188
8.31658291457286 34.2394130860496 35.2764263802558 33.2328846420027 33.2473095843667 35.2611210691283
8.38693467336683 33.8290724885196 34.8536577468328 32.8346067361469 32.8406892890945 34.8472023640972
8.4572864321608 33.4236495981232 34.4359557637411 32.4411019726771 32.4390420297339 34.4381425146322
8.52763819095477 33.023085478836 34.0232597099537 32.0523131480981 32.0423069852033 34.0338844842257
8.59798994974874 32.6273219009495 33.615509592152 31.6681837444675 31.6504240782732 33.6343719059026
8.66834170854271 32.2363013326065 33.2126461360042 31.2886579211791 31.2633339664692 33.2395490743616
8.73869346733668 31.8499669314375 32.8146107775491 30.9136805068461 30.8809780330851 32.8493609382072
8.80904522613065 31.4682625362976 32.4213456546823 30.5431969912803 30.5032983783076 32.4637530922744
8.87939698492462 31.0911326591025 32.0327935987451 30.1771535175684 30.1302378104475 32.0826717700425
8.94974874371859 30.7185224767622 31.6488981262138 29.8154968742424 29.7617398372802 31.7060638361382
9.02010050251256 30.3503778232112 31.2696034304888 29.4581744875449 29.3977486574905 31.333876778927
9.09045226130653 29.9866451815349 30.894854373782 29.105134413786 29.0382091522227 30.9660587031911
9.1608040201005 29.6272716761893 30.5245964791015 28.7563253317924 28.6830668767346 30.6025583228937
9.23115577889447 29.272205065315 30.1587759223321 28.4116965354472 28.332268052152 30.2433249540278
9.30150753768844 28.9213937331425 29.7973395244114 28.0711979263181 27.9857595573259 29.8883085075494
9.37185929648241 28.5747866824892 29.4402347435987 27.7347800063755 27.6434889207879 29.5374594823933
9.44221105527638 28.2323335273456 29.0874096678373 27.4023938707961 27.3054043128048 29.190728958571
9.51256281407035 27.8939844855509 28.7388130072082 27.0739912008544 26.9714545375297 28.8480685903497
9.58291457286432 27.5596903715564 28.3943940864737 26.7495242568984 26.64158902525 28.5094305995111
9.65326633165829 27.2294025892751 28.0541028377113 26.4289458714094 26.315757824729 28.1747677686899
9.72361809045226 26.9030731250175 27.7178897930349 26.1122094421457 25.9939115956424 27.8440334347898
9.79396984924623 26.5806545405117 27.385706077404 25.7992689253678 25.6760016011065 27.5171814824773
9.8643216080402 26.2620999660078 27.0575034015188 25.4900788291455 25.3619797002981 27.1941663377517
9.93467336683417 25.9473630934639 26.7332340548 25.1845942067441 25.0517983411642 26.8749429615903
10.0050251256281 25.6363981698146 26.4128508984537 24.8827706500911 24.745410553222 26.5594668436689
10.0753768844221 25.3291599903202 26.0963073586184 24.5845642833202 24.4427699404456 26.2476939961552
10.1457286432161 25.0256038919946 25.7835574195949 24.2899317563935 24.1438306742402 25.9395809475757
10.2160804020101 24.7256857471134 25.4745556171571 23.9988302387994 23.8485474865029 25.6350847367541
10.286432160804 24.4293619567987 25.1692570319423 23.7112174133266 23.5568756627673 25.3341629068214
10.356783919598 24.1365894446813 24.8676172829222 23.4270514699123 23.2687710354326 25.0367734992958
10.427135678392 23.8473256506386 24.5695925209505 23.1462910995646 22.9841899770754 24.7428750482321
10.4974874371859 23.5615285246078 24.275139422389 22.8688954883569 22.7030893938431 24.4524265744405
10.5678391959799 23.279156520473 23.9842151828096 22.5948243114954 22.4254267189283 24.1653875797722
10.6381909547739 23.0001685900258 23.6967775107716 22.3240377274566 22.151159906123 23.8817180414729
10.7085427135678 22.724524176998 23.4127846216743 22.0564963721961 21.8802474234515 23.6013784066024
10.7788944723618 22.4521832111661 23.1321952316823 21.7921613534258 21.6126482468813 23.3243295865193
10.8492462311558 22.1831061025262 22.8549685517245 21.5309942449605 21.3483218541108 23.0505329514309
10.9195979899497 21.9172537355389 22.5810642815645 21.2729570811316 21.0872282184331 22.7799503250071
10.9899497487437 21.6545874634432 22.3104426039419 21.0180123512683 20.8293278026748 22.512543979057
11.0603015075377 21.3950691026383 22.0430641787846 20.7661229942447 20.5745815532091 22.2482766282687
11.1306532663317 21.1386609271329 21.7788901374895 20.517252393092 20.3229508940414 21.98711142501
11.2010050251256 20.8853256630609 21.5178820772725 20.271364369676 20.0743977209683 21.7290119541914
11.2713567839196 20.6350264832634 21.2600020555859 20.0284231794373 19.8288843958074 21.4739422281877
11.3417085427136 20.3877270019344 21.0052125846025 19.7883935061955 19.5863737406977 21.221866681821
11.4120603015075 20.1433912693321 20.7534766257662 19.5512404570155 19.3468290324697 20.972750167401
11.4824120603015 19.9019837665527 20.5047575844077 19.3169295571347 19.1102139970846 20.7265579498248
11.5527638190955 19.6634694003667 20.2590193044247 19.0854267449517 18.8764928041414 20.4832557017334
11.6231155778894 19.427813498118 20.0162260630261 18.8566983670745 18.645630061451 20.2428094987252
11.6934673366834 19.1949818026832 19.7763425655387 18.6307111734289 18.4175908096769 20.0051858146263
11.7638190954774 18.9649404674917 19.5393339402768 18.4074323124245 18.192340517041 19.7703515168154
11.8341708542714 18.7376560516055 19.3051657334725 18.1868293261791 17.9698450740952 19.5382738616039
11.9045226130653 18.5130955148578 19.0738039042677 17.9688701458005 17.7500707885554 19.3089204896711
11.9748743718593 18.2912262130505 18.8452148197651 17.7535230867246 17.5329843802002 19.0822594215512
12.0452261306533 18.0720158932078 18.6193652501393 17.5407568441094 17.3185529758308 18.8582590531752
12.1155778894472 17.8554326888885 18.3962223638063 17.3305404882843 17.1067441042934 18.6368881514637
12.1859296482412 17.641445115553 18.1757537226504 17.1228434602539 16.8975256915619 18.4181158499722
12.2562814070352 17.4300220659869 17.957927277309 16.9176355672554 16.6908660558811 18.2019116445873
12.3266331658291 17.2211328057784 17.7427113625136 16.71488697837 16.4867339029691 17.9882453892731
12.3969849246231 17.014746968851 17.5300746924867 16.5145682201859 16.2850983212782 17.7770872918686
12.4673366834171 16.810834553049 17.3199863563934 16.3166501725141 16.0859287773146 17.5684079099326
12.5376884422111 16.609365915776 17.1124158138484 16.121104064155 15.8891951110142 17.3621781466395
12.608040201005 16.4103117696858 16.9073328904762 15.9279014687161 15.6948675311755 17.1583692467214
12.678391959799 16.2136431784251 16.7047077735246 15.7370143004798 15.5029166109487 16.9569527924594
12.748743718593 16.019331552427 16.5045110075308 15.5484148103201 15.3133132833794 16.7579006997205
12.8190954773869 15.8273486447547 16.3067134900398 15.3620755816693 15.1260288370069 16.5611852140424
12.8894472361809 15.6376665469955 16.1112864673734 15.1779695265322 14.9410349115167 16.3667789067632
12.9597989949749 15.450257685204 15.9182015304504 14.9960698815483 14.7583034934458 16.1746546711968
13.0301507537688 15.2650948158929 15.7274306106572 14.8163502041014 14.5778069119407 15.9847857188541
13.1005025125628 15.0821510220737 15.5389459757667 14.6387843684755 14.399517834567 15.7971455757067
13.1708542713568 14.901399709343 15.3527202259077 14.4633465620571 14.2234092631708 15.6117080784965
13.2412060301508 14.7228146020166 15.1687262895813 14.2900112815824 14.0494545297903 15.4284473710872
13.3115577889447 14.5463697393102 14.9869374197256 14.1187533294307 13.8776272926173 15.247337900859
13.3819095477387 14.3720394715653 14.8073271898277 13.9495478099606 13.7079015320086 15.0683544151462
13.4522613065327 14.1997984565203 14.6298694900819 13.7823701258915 13.5402515465455 14.8914719577156
13.5226130653266 14.0296216556268 14.4545385235943 13.6171959747276 13.3746519491421 14.716665865287
13.5929648241206 13.8614843304098 14.2813088026326 13.4540013452254 13.2110776632011 14.5439117640946
13.6633165829146 13.6953620388712 14.1101551449208 13.2927625139027 13.0495039188161 14.3731855664879
13.7336683417085 13.5312306319369 13.9410526699789 13.1334560415905 12.8899062490209 14.2044634675737
13.8040201005025 13.3690662499461 13.7739767955059 12.9760587700253 12.7322604860845 14.0377219418963
13.8743718592965 13.2088453191833 13.6089032338059 12.8205478184825 12.5765427578516 13.872937740158
13.9447236180905 13.0505445484507 13.4458079882579 12.6669005804509 12.4227294841272 13.7100878859765
14.0150753768844 12.8941409256828 13.2846673498273 12.5150947203454 12.2707973731062 13.549149672682
14.0854271356784 12.7396117146014 13.1254578936192 12.365108170261 12.1207234178462 13.3901006601508
14.1557788944724 12.5869344514096 12.9681564754733 12.2169191267644 11.9724848927839 13.2329186716763
14.2261306532663 12.4360869415273 12.8127402285991 12.0705060477244 11.8260593502933 13.0775817908771
14.2964824120603 12.287047256364 12.6591865602524 11.9258476491804 11.6814246172867 12.9240683586409
14.3668341708543 12.1397937301315 12.5074731484506 11.7829229022487 11.5385587918572 12.7723569701046
14.4371859296482 11.9943049566939 12.3575779387276 11.6417110300648 11.3974402399619 12.6224264716699
14.5075376884422 11.8505597864564 12.2094791409282 11.5021915047639 11.258047592146 12.4742559580535
14.5778894472362 11.7085373232904 12.0631552260403 11.3643440444962 11.1203597403067 12.3278247693723
14.6482412060302 11.5682169214959 11.9185849230649 11.2281486104788 10.9843558344971 12.1831124882629
14.7185929648241 11.4295781828005 11.7757472159245 11.0935854040827 10.8500152797684 12.0400989370345
14.7889447236181 11.2926009533936 11.6346213404079 10.9606348639546 10.717317733052 11.8987641748557
14.8592964824121 11.1572653209971 11.4951867811513 10.8292776631731 10.5862431000781 11.7590884949738
14.929648241206 11.0235516119709 11.3574232686565 10.6994947064397 10.4567715323336 11.6210524219675
15 10.8914403884522 11.2213107763439 10.5712671273023 10.3288834240558 11.4846367090306
