0 0.97000436 -0.24308753 -0.97000436 0.24308753 0 0
1 0.993586420881786 0.219211681485301 -0.0507444990540435 0.0468556955688033 -0.942841921827743 -0.266067377054105
2 0.10199951608989 0.0930911663473329 0.911832590948244 -0.287837639189538 -1.01383210703813 0.194746472842205
3 -0.87685560560157 -0.307637377839227 1.03107190652743 0.169739346866685 -0.154216300925862 0.137898030972542
4 -1.04546551143669 0.144754170615536 0.207922223516926 0.180643133417187 0.837543287919767 -0.325397304032723
5 -0.263325055763 0.22071243232155 -0.79389465444494 -0.340001127256454 1.05721971020794 0.119288694934905
6 0.746094227099743 -0.350646445290416 -1.06646021857432 0.0938125365984003 0.32036599147458 0.256833908692016
7 1.07336418939272 0.0685669175124504 -0.378954543406743 0.288340989971405 -0.694409645985977 -0.356907907483856
8 0.438741454434099 0.314687620567719 0.639350708969057 -0.357728121084398 -1.07809216340315 0.0430405005166787
9 -0.581548880622435 -0.352536033885673 1.08065821436125 0.0175446355635193 -0.499109333738811 0.334991398322153
10 -1.08106678893499 -0.00788778635959088 0.559099774154687 0.348920311533769 0.521967014780309 -0.341032525174179
11 -0.617706389060079 0.356501375147805 -0.46162633030565 -0.323124458962389 1.07933271936573 -0.0333769161854171
12 0.401522088112961 -0.29894647462797 -1.07547285755412 -0.0589529648164048 0.673950769441165 0.357899439444374
13 1.06944697344401 -0.0842105340731106 -0.727191476951944 0.353572981996299 -0.342255496492054 -0.26936244792319
14 0.776668169566095 0.344592656398318 0.284405427553468 -0.234642420248166 -1.06107359711955 -0.109950236150152
15 -0.228127753180416 -0.195781457866811 1.05024421236965 -0.135345695844419 -0.82211645918922 0.33112715371123
16 -1.03678892545947 -0.160690532862322 0.863130674682346 0.314489974988423 0.173658250777135 -0.1537994421261
17 -0.89991226528297 0.295219783079896 -0.12068444433829 -0.109474890880564 1.02059670962127 -0.185744892199331
18 0.068801431739318 -0.0632856944892614 -1.00133684080039 -0.210779903580372 0.932535409061085 0.274065598069634
19 0.978860016548564 -0.23481574332978 -0.961306231407723 0.251107064541623 -0.0175537851408261 -0.0162913212118426
20 0.986219505209181 0.227593106621657 -0.0335373047826538 0.0310291645335282 -0.95268220042651 -0.258622271155184
21 0.084948280675051 0.0779517656000655 0.92282317186342 -0.28074665250819 -1.00777145253845 0.202794886908125
22 -0.888848232005399 -0.301591116023143 1.0260491353758 0.178031708355545 -0.137200903370385 0.1235594076676
23 -1.04148675116726 0.152637452819579 0.190754255234771 0.167415253730006 0.850732495932512 -0.320052706549584
24 -0.246091289446106 0.208719482877437 -0.808031292979882 -0.336051124279619 1.05412258242601 0.127331641402183
25 0.761211612822207 -0.347840265460799 -1.06422622170937 0.101377236582691 0.303014608887187 0.24646302887811
26 1.07183824640314 0.0762108833908577 -0.361704234942286 0.279599169359661 -0.710134011460825 -0.355810052750518
27 0.42155230949901 0.307869891559532 0.655693823213677 -0.358072924117449 -1.07724613271266 0.0502030325579175
28 -0.598068658373448 -0.354798200235179 1.08043349393033 0.0248542070460629 -0.482364835556844 0.329943993189117
29 -1.08145669997486 -0.00107575050413594 0.542911768616131 0.345932366084607 0.538544931358768 -0.344856615580471
30 -0.602554812721611 0.355140112127391 -0.477741838054745 -0.328664918937233 1.08029665077639 -0.0264751931901573
31 0.417133490212652 -0.305727595856145 -1.07695339650471 -0.0525618609588252 0.659819906292095 0.358289456814971
32 1.07146183484871 -0.0776758439655068 -0.714400801951818 0.355100373478443 -0.357061032896842 -0.277424529512935
33 0.765108085737883 0.347434442444877 0.298487000143158 -0.243525415085253 -1.06359508588099 -0.103909027359623
34 -0.241298828524674 -0.205385383606438 1.05334006678694 -0.129194293382207 -0.812041238262214 0.334579676988647
35 -1.0403642118045 -0.155111766282945 0.854299876783701 0.318786034947499 0.186064335020857 -0.163674268664552
36 -0.892411755701651 0.299619258722571 -0.132324280325686 -0.119523372888051 1.02473603602739 -0.180095885834518
37 0.0798970069148105 -0.0732821932786345 -1.00595710126442 -0.205693069316754 0.926060094349665 0.27897526259539
38 0.984120800699805 -0.229715847108853 -0.95594440128453 0.25585611835177 -0.0281763994152123 -0.0261402712429154
39 0.981728646218407 0.2326715075972 -0.0232939978941145 0.0215588882442535 -0.958434648324227 -0.254230395841452
40 0.0749995429717367 0.0690334418734005 0.92919074800782 -0.276493404867951 -1.00419029097949 0.207459962994552
41 -0.895650701459859 -0.298093002332671 1.02312013021513 0.182879276666085 -0.127469428755202 0.115213725666587
42 -1.03923143523296 0.15705423916123 0.181093287802435 0.159818770633407 0.858138147430594 -0.316873009794636
43 -0.236574025964687 0.201890954410056 -0.815818897633365 -0.333787869802857 1.05239292359813 0.1318969153928
44 0.769468289204623 -0.346105935281827 -1.06304815941651 0.105457297299638 0.293579870211969 0.240648637982188
45 1.07107096972851 0.0804167483927029 -0.352579159683642 0.274736232229657 -0.718491810044785 -0.355152980622362
46 0.412616131513079 0.304179435067821 0.664257825671086 -0.358025921529717 -1.07687395718408 0.0538464864618931
47 -0.606497668399714 -0.355835968292963 1.08038133395876 0.0286937017462523 -0.473883665558957 0.327142266546707
48 -1.08172983157647 0.00225214586431582 0.534826077669954 0.344338044027213 0.546903753906609 -0.346590189891533
49 -0.595249246434889 0.354332460659618 -0.485613116366504 -0.331302670706803 1.08086236280149 -0.0230297899528195
50 0.424589857044855 -0.308795428781548 -1.07775286733795 -0.0496623436723317 0.653163010293197 0.358457772453875
51 1.07248957272737 -0.0745994474823647 -0.708637821133377 0.35567317451852 -0.363851751593895 -0.281073727036162
52 0.760003025146668 0.348734547088852 0.304793675003934 -0.247345251648742 -1.0647967001505 -0.101389295440116
53 -0.246936250640168 -0.20946486783021 1.05478178000048 -0.126470515319152 -0.807845529360201 0.335935383149356
54 -1.04192850843346 -0.152977669961024 0.850752117392174 0.320643137558563 0.191176391041399 -0.167665467597545
55 -0.88965468381398 0.301247570016608 -0.136824256700392 -0.123390970674343 1.02647894051449 -0.177856599342271
56 0.0839633973129483 -0.0769008463967168 -1.00774299441478 -0.203973699694823 0.923779597101951 0.280874546091533
57 0.986081791807085 -0.227870375971537 -0.954247918707193 0.257414048874262 -0.03183387309977 -0.029543672902732
58 0.980400708077752 0.234467907495604 -0.0200107160452308 0.0185155149233809 -0.960389992032396 -0.252983422418991
59 0.0720774506130769 0.0664189754266494 0.931257109747675 -0.275163875758894 -1.00333456036062 0.208744900332239
60 -0.897571209569573 -0.297343339135808 1.02250002852105 0.184349455501456 -0.12492881895134 0.112993883634347
61 -1.03890586531007 0.157981165853274 0.178824028791352 0.158072677907851 0.860081836518858 -0.31605384376113
62 -0.234669827382551 0.200463175493492 -0.817543547522736 -0.333474671549305 1.05221337490543 0.133011496055808
63 0.771124742193859 -0.34575447429235 -1.06308405964412 0.106049043162746 0.2919593174504 0.239705431129601
64 1.07120471276031 0.0811720987340539 -0.351485021297681 0.274092760254181 -0.719719691462476 -0.355264858988237
65 0.411860692911398 0.30398318563581 0.665245318313628 -0.35796939626574 -1.07710601122487 0.0539862106299282
66 -0.60696442744984 -0.356057890962954 1.08063044606204 0.0290754813120802 -0.473666018612044 0.326982409650873
67 -1.08200599345721 0.002060701804309 0.534905116935497 0.344511233877983 0.547100876521874 -0.346571935682293
68 -0.595902433691857 0.354373614243257 -0.485240850432024 -0.33135031952577 1.08114328412404 -0.0230232947174875
69 0.423858141476954 -0.308440502284011 -1.07797518918127 -0.0502511312589417 0.654117047704485 0.358691633542953
70 1.07263874649546 -0.0750022599233837 -0.710065149111258 0.355530070096883 -0.362573597384029 -0.280527810173499
71 0.761549270533302 0.34866582241444 0.303237243050561 -0.246308258601049 -1.06478651358369 -0.10235756381339
72 -0.244966183375096 -0.20815356056788 1.05467197558281 -0.127207451619488 -0.809705792207534 0.335361012187369
73 -1.0415810158888 -0.154293551370859 0.852655383021117 0.320151002135647 0.18892563286786 -0.165857450764785
74 -0.891772887849057 0.300174631506887 -0.134159119102906 -0.121154981412872 1.02593200695215 -0.179019650094012
75 0.0809884532567836 -0.0742000190336089 -1.00680403145676 -0.205633685356435 0.925815578200167 0.279833704390048
76 0.984849218332838 -0.22932062634282 -0.956325383302353 0.255819561368106 -0.0285238350302952 -0.0264989350252806
77 0.982329662391568 0.232986585514853 -0.0236797077994895 0.021900668042665 -0.958649954591885 -0.254887253557513
78 0.0761515749281012 0.0701241153568143 0.929113542169534 -0.276802229222238 -1.00526511709744 0.20667811386543
79 -0.89470557924152 -0.299351773292109 1.02424872613908 0.182431435020402 -0.12954314689736 0.116920338271714
80 -1.04055662853122 0.155442250555097 0.183917063830648 0.162210757711225 0.856639564700777 -0.317653008266315
81 -0.240366596765099 0.204491462791753 -0.813262684668239 -0.335155258412674 1.05362928143355 0.13066379562093
82 0.76621145497398 -0.346846546770367 -1.06435907813292 0.103155760449214 0.298147623159155 0.243690786321163
83 1.07225874586263 0.0784681207478554 -0.358409498361896 0.277704874253098 -0.713849247500523 -0.356172995000943
84 0.419282887645863 0.307312155371971 0.658668102539183 -0.35796223700107 -1.07795099018483 0.0506500816291108
85 -0.599487751053057 -0.355462986834661 1.08119359139044 0.0259724287508077 -0.481705840337159 0.329490558083866
86 -1.08228221104442 -0.00161691798977475 0.543157793547318 0.346461524564209 0.539124417497327 -0.344844606574421
87 -0.604491216765017 0.355263112086432 -0.476638237532966 -0.328767117429928 1.08112945429821 -0.0264959946564893
88 0.41495181575768 -0.304635812156949 -1.07760534326985 -0.054294104268033 0.662653527512405 0.358929916424997
89 1.07189327665288 -0.0788904321009002 -0.718635780942585 0.354636507883875 -0.353257495710054 -0.27574607578296
90 0.769712302161654 0.347175564299788 0.293829095849139 -0.240366601654059 -1.06354139801055 -0.106808962645713
91 -0.235397989850419 -0.201383819764569 1.05297143580376 -0.131418036524466 -0.8175734459531 0.332801856289051
92 -1.03926608885343 -0.159049252418299 0.8599373523834 0.317252842300617 0.179328736470272 -0.158203589882301
93 -0.898667328645337 0.296359918692091 -0.124366334738455 -0.11278494956993 1.02303366338404 -0.183574969122142
94 0.0709995091846346 -0.0651651276056872 -1.00306713159856 -0.210661543992306 0.932067622414175 0.275826671598012
95 0.980340730825804 -0.234040638920999 -0.962080629875635 0.251039638189582 -0.0182601009499117 -0.016998999268563
96 0.987417631604214 0.228216251206747 -0.0343172270558751 0.0317051697287425 -0.953100404548078 -0.259921420935468
97 0.0872497176006619 0.0801322677101857 0.9226265224691 -0.281358366020697 -1.0098762400695 0.201226098310533
98 -0.886910154109523 -0.304022110002728 1.02825699319899 0.177111094588378 -0.141346839089198 0.126911015414372
99 -1.04407177935432 0.149443483510975 0.196410615069798 0.172123722223082 0.847661164284795 -0.321567205734034
100 -0.253734200786718 0.213833823977369 -0.802808869921019 -0.338673990848264 1.05654307070801 0.124840166870918
