-0.601125103693618 -0.583670836709098
-0.593059537285382 -0.589560033089092
-0.586332964400968 -0.596931929765422
-0.581196161137187 -0.605492319557423
-0.577856841078596 -0.614900741688045
-0.576445440325283 -0.62478478932734
-0.577015505027417 -0.634751067818286
-0.579542810280628 -0.644409554921228
-0.583925999483598 -0.653379528850556
-0.589991319175764 -0.661296343934835
-0.59749924825152 -0.667890201442323
-0.606155143097236 -0.672865224734768
-0.615619555488505 -0.676042316407059
-0.625524677776316 -0.677299500148485
-0.63548232083547 -0.676589815964356
-0.645109087152045 -0.67394283345752
-0.654031254677194 -0.669462819882163
-0.66190527525088 -0.663324699731331
-0.668428794019758 -0.655766692886462
-0.673351996069428 -0.647080910146262
-0.676487389091811 -0.637602105703765
-0.677723211161319 -0.627694137409556
-0.676995123808067 -0.617736256077508
-0.674351862248508 -0.608108326748124
-0.66988835512634 -0.59917696047064
-0.663764844924087 -0.591280580427496
-0.656240727821348 -0.58471765534093
-0.647588535401708 -0.579735581411113
-0.638136190344051 -0.576520534699298
-0.628254157087425 -0.575192012752736
-0.618287501427534 -0.575798163208315
-0.608626060393132 -0.578314229772198
-0.599629334949325 -0.582644081285388
-0.591633738614472 -0.58862386949245
-0.5849364287559 -0.596028998251291
-0.579785508099168 -0.604582189551405
-0.576395997044382 -0.613964608742248
-0.574817004853117 -0.623827372683663
-0.575179822914372 -0.633805306147107
-0.577461099677989 -0.643529849106664
-0.581524010037509 -0.652642962874836
-0.587268041716631 -0.660809931767073
-0.594463548756661 -0.667732275799593
-0.602845727811003 -0.673157614465404
-0.61210688111569 -0.67688939860796
-0.62190837832775 -0.678793174817372
-0.63189315552933 -0.678801674146337
-0.641699020339563 -0.676916468963411
-0.650968921192612 -0.673207722788873
-0.65937014516601 -0.667811527093148
-0.666599695438792 -0.660924322002246
-0.672398267382919 -0.65279568217396
-0.676559351590382 -0.643718136007322
-0.678935150128956 -0.634021882748372
-0.679442594481633 -0.624051774611898
-0.678065481059159 -0.61415818992331
-0.674854791052097 -0.604702729199823
-0.669926776062901 -0.596019701623759
-0.663457878485906 -0.58841331176911
-0.655678832172815 -0.582153043003858
-0.646865865505266 -0.577458677496697
-0.637330734204872 -0.574484946370394
-0.627409944699592 -0.57336174578347
-0.61745357138166 -0.574099598034142
-0.607805016727448 -0.576676493613953
-0.598807538634609 -0.581010156488578
-0.590772223279914 -0.586937992382966
-0.583976697397593 -0.594254953517908
-0.578657502881192 -0.602705473735003
-0.574996054541042 -0.611995492806144
-0.573117667448161 -0.621802743953144
-0.573077540343571 -0.631788324497845
-0.574898248768345 -0.641608000172126
-0.57849212846044 -0.650924982732845
-0.583741860585791 -0.659419324045867
-0.590466066193311 -0.666801449121497
-0.59843339539822 -0.672821087963
-0.60737129445762 -0.677274182541807
-0.616974734973302 -0.680011061247504
-0.626917172118655 -0.680940676721174
-0.636861754582172 -0.680038004171587
-0.646472544879301 -0.67732220457404
-0.655426319048851 -0.672900010349019
-0.663421795071079 -0.666917472961009
-0.670191967708901 -0.659577102720837
-0.675511902673867 -0.651126119116173
-0.679205071113803 -0.641848075222622
-0.681135332408748 -0.632053325178852
-0.68128421821632 -0.622067827659384
-0.679604803548697 -0.612223836992119
-0.67616957066365 -0.602847098591945
-0.671093936310081 -0.594247694136948
-0.664546956733643 -0.586705944625704
-0.656745747567219 -0.580471811509845
-0.647947843301344 -0.57574715702048
-0.638442520329238 -0.572685323990881
-0.628541316932742 -0.571384585970611
-0.618567434544821 -0.571885464500744
-0.608845755281079 -0.574169698677558
-0.599691642569665 -0.57816115782768
-0.591401819635978 -0.583728675641646
-0.584240944717746 -0.590690501160657
-0.578441721299588 -0.59882051432581
-0.57418784579714 -0.607855792210072
-0.57162161306084 -0.617505094683909
-0.570802290112474 -0.627458639176266
-0.571775263691231 -0.637397806214896
-0.574500383549589 -0.647007807931654
-0.578889759851638 -0.65597625755168
-0.584799025184347 -0.664026218000658
-0.592044867402487 -0.670899840230287
-0.600390931315321 -0.676383578556638
-0.609571919863115 -0.680304059616906
-0.619309336309305 -0.682540206673886
-0.629284547162976 -0.683023534489871
-0.639188758111176 -0.681740929336648
-0.648712431758013 -0.678734455856696
-0.657560895304707 -0.674104946123335
-0.665453619058636 -0.667983004255029
-0.672151585162759 -0.660575678501493
-0.677448978962711 -0.652108844765344
-0.681181151822322 -0.642845412921562
-0.68323586163619 -0.633071935152746
-0.68355153656775 -0.623089760957695
-0.682120500106562 -0.613205646821405
-0.6789884327672 -0.603722236562619
-0.674253048033092 -0.594928983292833
-0.668060612430089 -0.587091479965011
-0.660601094999489 -0.580452049252871
-0.652102391193702 -0.575206864621232
-0.642823395847529 -0.571460294432019
-0.633044710501812 -0.569429591416524
-0.623062068504063 -0.56912047215391
-0.613175983762846 -0.570540300541895
-0.603682988476971 -0.573644519382781
-0.594866890742114 -0.578338323234899
-0.586990203812865 -0.584479646901686
-0.580286505540101 -0.591932724112927
-0.574954218035411 -0.600377702370373
-0.571150129785192 -0.609612284131844
-0.568983714353183 -0.619362248640633
-0.568526515653252 -0.629339070378467
-0.569765511147593 -0.639248636859441
-0.572686489557045 -0.648799744798134
-0.577193679654071 -0.65771270793618
-0.583153479621292 -0.665727475168808
-0.590390221867727 -0.672611396383637
-0.598691780760846 -0.678164926520674
-0.607815680164414 -0.682228466253253
-0.617496566683879 -0.684685506270754
-0.627453821475264 -0.685468125096494
-0.637399912639495 -0.684554490519936
-0.647048623957631 -0.681973284460077
-0.65612326906721 -0.677800513905286
-0.664364552895191 -0.672157557075063
-0.671537895015592 -0.665207422551092
-0.677440235628341 -0.65715047548718
-0.681904826245015 -0.64821438622545
-0.684807914991747 -0.638657657063342
-0.68606273411955 -0.628749121736606
-0.685642040758436 -0.6187696591249
-0.683568301652951 -0.609000398324377
-0.679885707362055 -0.599715751142697
-0.674705848913669 -0.591175227479181
-0.668175407097704 -0.583617383239024
-0.660478264001035 -0.577251609396819
-0.651830054041202 -0.572253993018028
-0.642472102038318 -0.568761575901128
-0.63266452921371 -0.566869346599469
-0.622678988821747 -0.566627251056191
-0.61279102271107 -0.568041454950196
-0.603272527322812 -0.57106989032839
-0.59438433678992 -0.575627434396577
-0.586368983313386 -0.581585768180444
-0.579444336283799 -0.588786583409284
-0.573797665507729 -0.597026100945349
-0.569581157696791 -0.606081075112868
-0.566907309546615 -0.615705257619042
-0.565846597912412 -0.62563747318596
-0.566431271035963 -0.635609410621264
-0.568627412279701 -0.645352584230627
-0.572389704739485 -0.654605704455097
-0.577610791148194 -0.663121376766205
-0.584149207633704 -0.670672980612028
-0.591828989993743 -0.677060443594812
-0.60044454288701 -0.682115339444775
-0.60976620875414 -0.685705014080513
-0.619546465419876 -0.687737818434755
-0.629526588456926 -0.688159096798249
-0.639443536955999 -0.686955191855324
-0.649036876785072 -0.684177235926167
-0.658055653749219 -0.679882893151518
-0.666264852816823 -0.674191511804235
-0.673451329586666 -0.667253441813606
-0.67942948711493 -0.659250633573021
-0.684045748394272 -0.650392041476818
-0.687182165256874 -0.640908000192698
-0.688759034350756 -0.63104405844679
-0.688738832751977 -0.621054823988562
-0.687124162619391 -0.611196972128479
-0.683956810872772 -0.601722968045671
-0.679320766035263 -0.592874546242596
-0.673336426151537 -0.584876507665678
-0.666156041188958 -0.577931263405262
-0.656367268705411 -0.57221362052187
-0.648970804905178 -0.567866911798327
-0.639402573245054 -0.564990235528448
-0.629499770228915 -0.563671696174867
-0.619513684972802 -0.563933625378462
-0.609647497829799 -0.565779779369059
-0.600285268450538 -0.569133148802592
-0.591522487666787 -0.573929601417099
-0.583622305413622 -0.580043537397213
-0.576779596561027 -0.587321123851259
-0.571162223666342 -0.595582243065935
-0.566907418602103 -0.60462055935641
-0.564118130870127 -0.614213000004289
-0.562860998221028 -0.624123390645442
-0.563164876553452 -0.634108564170598
-0.565024702165239 -0.643924555640855
-0.568380202915094 -0.653332416154412
-0.573161190067111 -0.662104011565288
-0.579245233888236 -0.670027480205933
-0.586483696257827 -0.676912456040792
-0.594700148300958 -0.682594179191392
-0.603696933614436 -0.686937433977036
-0.613256047456218 -0.689839755854876
-0.62314837023869 -0.691233526941689
-0.63313735525504 -0.691087404853775
-0.642985065421041 -0.689403945829073
-0.652457888498927 -0.686233693518905
-0.661331841577018 -0.6816450428898
-0.669398113388395 -0.675750961756984
-0.676467683753531 -0.668691695687168
-0.682375741511248 -0.660636267353043
-0.686985205746377 -0.651773320724675
-0.6901900329488 -0.642311083033394
-0.691917312793875 -0.632471003065878
-0.692128782403264 -0.622482930612093
-0.690821500032915 -0.612578763960147
-0.688025236253611 -0.602987019055029
-0.683813835297611 -0.59392886742133
-0.678278564306245 -0.585612082455076
-0.671550641116459 -0.578226229151227
-0.663785892391371 -0.571939901178598
-0.655162828358944 -0.566894844865059
-0.64587896412076 -0.563204327600844
-0.636145651511699 -0.560950397497828
-0.626185266346141 -0.560182228447226
-0.61622154832096 -0.560915224677656
-0.606479586342588 -0.563133116651594
-0.597178231351622 -0.566799917397921
-0.588525240711461 -0.571771319643423
-0.580713154041142 -0.577999130547765
-0.573915076835695 -0.585320470467509
-0.568280791566614 -0.593570897571352
-0.563933695443374 -0.60256633688712
-0.560968218374594 -0.612106861890622
-0.559447931300752 -0.62198131105791
-0.559404352475485 -0.631971347440503
-0.560836469624821 -0.641859538113535
-0.563712884234155 -0.651428484966041
-0.567963233696489 -0.660468784529885
-0.573498421913612 -0.668786174569968
-0.580196321739835 -0.676200202689115
-0.587908200983684 -0.682551943496235
-0.596467496700271 -0.687705454921762
-0.605688358067497 -0.69155154797958
-0.615372580920564 -0.69400942174102
-0.625311359117968 -0.69502832155888
-0.635292743167632 -0.694588439948086
-0.645103794743172 -0.692701117598883
-0.654536786922906 -0.68940675052697
-0.663392558115731 -0.684781901988674
-0.671484631037923 -0.678921162364291
-0.678642866314212 -0.671951284725783
-0.684719417717509 -0.664020094003666
-0.689587759495914 -0.6552951719375
-0.69314812333569 -0.645959765413922
-0.695328083564039 -0.63620916344348
-0.696084249772411 -0.626246475889326
-0.695403005124725 -0.616278367648291
-0.693300222300998 -0.60651076027229
-0.689819833979617 -0.597144717320629
-0.685039482538619 -0.588371827846751
-0.679054646349325 -0.58037112231684
-0.671990676039008 -0.573304967599995
-0.663992907346664 -0.567315791417462
-0.655225233863906 -0.562524313766503
-0.645866273570241 -0.559025678077164
-0.636105766224051 -0.556888905673512
-0.626141171067451 -0.556154660650167
-0.616172800207104 -0.556835843213918
-0.606400338440756 -0.558917229706866
-0.597018805043744 -0.562356323352034
-0.588214449344495 -0.567079012315984
-0.580161197160837 -0.57299324735413
-0.573017608280904 -0.579979250302609
-0.566923500570837 -0.587897467781551
-0.561997411606188 -0.596590769596914
-0.558334241674757 -0.605886965341229
-0.556004366185611 -0.61560336975265
-0.555051153237897 -0.6255496632133
-0.555491274485324 -0.635531860167306
-0.557314232446338 -0.64535610613319
-0.560483420146748 -0.654832434421902
-0.564933849097509 -0.663778410188396
-0.570578663483394 -0.672022585646637
-0.577309160589174 -0.679407765255589
-0.584994207628565 -0.68579381255228
-0.593485685543888 -0.691060296380114
-0.602621000606239 -0.695108613986213
-0.61222571380624 -0.697863703568708
-0.62211628735961 -0.699275327966338
-0.632108246574003 -0.699318705041705
-0.642012316961643 -0.697995057903143
-0.651643046788028 -0.695331183375344
-0.660820390270213 -0.691377879851133
-0.669374053375282 -0.686213385355004
-0.677145850936901 -0.679933032005116
-0.683993137721406 -0.672655603512919
-0.68979043889179 -0.664516929108262
-0.694432376216744 -0.655668427186086
-0.697835647994528 -0.646273350222739
-0.699946293813829 -0.636504976068851
-0.70071316811682 -0.626542049409106
-0.700133362634809 -0.616566554799183
-0.69821277075636 -0.606759454721365
-0.694997995519645 -0.59729788238589
-0.690545237014219 -0.588352356719451
-0.684937389469384 -0.580082995897712
-0.678273143235981 -0.572637240245564
-0.670675102711688 -0.566147066322485
-0.662280398363608 -0.560726711105165
-0.653239326445866 -0.556470998794256
-0.643713351156593 -0.553453690663283
-0.633871139830612 -0.551726393639352
-0.623886979280303 -0.551317442081682
-0.613936204375999 -0.552232114910369
-0.604193195921132 -0.554452424687506
-0.5948279450515 -0.557938269630384
-0.586002860276224 -0.562625818947532
-0.577870246474809 -0.568432487177026
-0.570570070181274 -0.57525541571779
-0.564226818742633 -0.582976755451595
-0.558948266198334 -0.591461664995824
-0.554823217081809 -0.600563381129184
-0.551920401412788 -0.610125535086412
-0.550287575742026 -0.619984121499594
-0.549950551925199 -0.629971344551085
-0.550913050456821 -0.639917778282654
-0.553156810383455 -0.649655530881443
-0.55664276000934 -0.659158062214126
-0.561309216422841 -0.667857412841498
-0.567076862588006 -0.676018025556343
-0.573847448253045 -0.683367432243766
-0.58150776648604 -0.689784759512852
-0.589928894626959 -0.695164932218389
-0.598970492478993 -0.69942080636794
-0.608482548800452 -0.702483927027189
-0.618308293535821 -0.704305687665526
-0.628286192283348 -0.704858288813831
-0.638253248967365 -0.70413469018676
-0.648047119443043 -0.702148651183014
-0.657509298037657 -0.698934332257423
-0.666487290046072 -0.694545154479568
-0.674837105383066 -0.689054626301118
-0.682425604799535 -0.682552302603104
-0.689132379090863 -0.675144282978259
-0.6948517275453 -0.666949387062219
-0.69949405178335 -0.658099776956835
-0.702987525082954 -0.648736904606512
-0.705278706830683 -0.63900967467117
-0.706333312234351 -0.629072049638082
-0.706136720423192 -0.619080428852203
-0.704693975052178 -0.609191613604585
-0.702032178790091 -0.599559862246428
-0.698186668961689 -0.590334554106738
-0.693227364172006 -0.581658367264336
-0.687229835764382 -0.573664570262613
-0.68028821535257 -0.566475307019931
-0.672511011421079 -0.560199788385443
-0.66401810099424 -0.554941418120033
-0.654940559598485 -0.55075282590416
-0.645417536878366 -0.547722073651006
-0.63559422702054 -0.545884551078885
-0.625619637939315 -0.545266145735118
-0.615644430728189 -0.545874160194427
-0.605818484090119 -0.54769751455936
-0.596288591630043 -0.550706935623785
-0.587196587132853 -0.55485399054591
-0.578677025580143 -0.560080188756786
-0.570855298920278 -0.566300892196526
-0.563845851523128 -0.573424462077076
-0.557750741404868 -0.581344210963986
-0.552657895728695 -0.589943069977138
-0.548640175207275 -0.59909374131624
-0.545760871712752 -0.608661989754012
-0.544040839549652 -0.618507935073508
-0.543522205217988 -0.628488445045932
-0.544204141412031 -0.638459152084306
-0.546074742384391 -0.648275540374328
-0.549105530611953 -0.657799012355045
-0.553250732250676 -0.66689289851524
-0.558448145110579 -0.675428299665275
-0.564626597157255 -0.683284909625463
-0.571692656760019 -0.690352664657235
-0.579546588163921 -0.696536165372705
-0.588076468178189 -0.701743988536037
-0.597162015253343 -0.705904548699777
-0.606675164049818 -0.70896777156895
-0.616482825516922 -0.710889746205502
-0.626448420714183 -0.711645751469785
-0.636433902734808 -0.71122825635896
-0.646301639049058 -0.709643033875311
-0.655916326523173 -0.706914599963617
-0.665146856149555 -0.70308285987035
-0.673867960425119 -0.698201347018943
-0.681961944753476 -0.692339545233065
-0.689320307508457 -0.685575119231428
-0.695844913271837 -0.678004268581095
-0.701449434971368 -0.669729179027365
-0.706060312506209 -0.660862089368543
-0.709617648813279 -0.651526577223945
-0.712075917989632 -0.641834759394131
-0.713404318600433 -0.631928960892475
-0.713587307496453 -0.62193614030807
-0.712624450514994 -0.611988087058922
-0.710530355833693 -0.602215369639372
-0.707334153484716 -0.592745605391791
-0.703079872784118 -0.583701692010437
-0.697824422504661 -0.575200383012645
-0.691637594526296 -0.567350827490361
-0.684601666940151 -0.56025319034953
-0.676806119562932 -0.55399735994971
-0.668354625282143 -0.548662038209766
-0.659355526677793 -0.544313723864599
-0.649924021075973 -0.541006025832729
-0.640180539850297 -0.538778987497876
-0.630248738145499 -0.537658840410135
-0.620254001624784 -0.537657741683745
-0.6103217246478 -0.538773753435067
-0.60057594869858 -0.540991039635892
-0.591137704779143 -0.544279790883119
-0.582123557827506 -0.54859741068111
-0.573644200821146 -0.553890805031788
-0.565803139214546 -0.560086655486614
-0.558695480620599 -0.567113000393763
-0.552406869270457 -0.57488165979011
-0.547012417483026 -0.583295899814593
-0.542576047238911 -0.592252869247859
-0.539149725058985 -0.601642212343365
-0.536772888198847 -0.611350391504602
-0.535472206921882 -0.621260404105425
-0.535261294980296 -0.63125320152061
-0.536140686860487 -0.641208740847491
-0.538098064911614 -0.651011052432924
-0.54110806610993 -0.660542129096229
-0.545133356137558 -0.669690828820628
-0.550124832850707 -0.678350355052833
-0.556022263088656 -0.68642023076004
-0.562755197408459 -0.693807416499471
-0.570245265514447 -0.700427327066577
-0.578399688489499 -0.706204736450649
-0.587127676469898 -0.711074562347842
-0.59632798825349 -0.714982523070936
-0.605892712684951 -0.717885661331641
-0.615710578579872 -0.719751307875847
-0.625672737386986 -0.720564444889208
-0.635666423466587 -0.720313582308237
-0.645575709976673 -0.719004869899396
-0.655290939880955 -0.716655169139182
-0.664703726984016 -0.713292648340021
-0.673709672425869 -0.708956708805899
-0.682210035973809 -0.703697353722785
-0.690109214141163 -0.697574532856349
-0.697324574537541 -0.6906573852368
-0.703776772682956 -0.68302338999396
-0.7093966546824 -0.674757791383885
-0.714124547030369 -0.665950166577524
-0.717910812594738 -0.656699654475393
-0.720716294185487 -0.647106766154135
-0.722512638274925 -0.637137303725368
-0.723282057758974 -0.627307880882538
-0.723019544176416 -0.617315790349119
-0.721728697879768 -0.607403948903747
-0.719425571347503 -0.597677315894493
-0.716136461212827 -0.588238361659354
-0.711897902823804 -0.579185901022398
-0.706756186497267 -0.570614116483833
-0.700766777408458 -0.562611614971515
-0.693993646920769 -0.555260555925309
-0.686508523938779 -0.548635858674171
-0.678390075535271 -0.542804496057741
-0.669723280810965 -0.537824880186731
-0.660597465856667 -0.533746345142343
-0.651107790758553 -0.53060873029709
-0.641348137187566 -0.528442112303479
-0.63142180113402 -0.527266416697421
-0.621427437794193 -0.527091578848796
-0.611466268843406 -0.52791737071957
-0.601636817780458 -0.529733545740111
-0.592037214485324 -0.532520040697715
-0.582762247457631 -0.536247273280289
-0.573902925126449 -0.540876530585294
-0.565545613416957 -0.546360443082895
-0.557771231332036 -0.552643537778288
-0.550661134882393 -0.559662863656588
-0.544269834645593 -0.567348681918978
-0.538664507635274 -0.575625213034416
-0.533931362383575 -0.584411249429415
-0.530013287417613 -0.593621222647613
-0.527046853145294 -0.603166924109775
-0.525018801962842 -0.612957474899648
-0.523958344867467 -0.622896923273295
-0.523867505647924 -0.632893415584976
-0.52474515360371 -0.642850491844921
-0.526581075433193 -0.652676009718358
-0.529356164086725 -0.662279359702088
-0.533042688605959 -0.671570579806297
-0.537604640917931 -0.680465051703188
-0.54299815490844 -0.688881204819268
-0.54917199251701 -0.696742972264489
-0.556068091079089 -0.703979533542824
-0.563622165692972 -0.710526310248047
-0.571764360011816 -0.71632539049369
-0.580419808551242 -0.721325985363351
-0.589509888993832 -0.725484813861214
-0.598952179914946 -0.728766414163932
-0.608661769510261 -0.731143379705132
-0.618551906635475 -0.732596519348373
-0.628534791592189 -0.733114941616748
-0.638522364667371 -0.732696063641063
-0.648427085390701 -0.73134554615784
-0.658162964378282 -0.729077156527622
-0.667645202685004 -0.725912562348248
-0.676792595408597 -0.721881058802447
-0.68552705511517 -0.717019237623149
-0.693774238565215 -0.711370577211242
-0.701465408692145 -0.704985018069462
-0.708535895728874 -0.697918451594805
-0.714927591128576 -0.690232183154958
-0.720587672328631 -0.681992442979249
-0.725470085056624 -0.67326941477293
-0.729536126158597 -0.664137141437772
-0.732737471021192 -0.654672502738369
-0.735097405494808 -0.644954633458875
-0.736550552535688 -0.635064241599934
-0.7371028965802 -0.625082923799967
-0.736751772630541 -0.615092483786575
-0.735502270920101 -0.605174259501807
-0.733366389090554 -0.595408464338841
-0.730363320257885 -0.585873547680761
-0.726519107848512 -0.576645406633655
-0.721866557861519 -0.567797505943264
-0.716444179899026 -0.55939924371362
-0.710296738423983 -0.551516169434486
-0.703474457749246 -0.544209320788547
-0.696032341339829 -0.537534790924325
-0.688030010510519 -0.531543341778873
-0.679531010296828 -0.52628006563823
-0.670585215977359 -0.521784274313776
-0.661296847522244 -0.518088525920182
-0.651737459742337 -0.515219616183796
-0.64194728058171 -0.513207819992215
-0.632018194718946 -0.512035713525546
-0.622025685665726 -0.51174105195474
-0.612045238578144 -0.512313650359526
-0.602151714597764 -0.513747452517971
-0.592418808235185 -0.516029684237887
-0.582918508169531 -0.519141383532536
-0.573720579519295 -0.523057606415283
-0.564891960246064 -0.527747643151327
-0.556492024699052 -0.533175289053532
-0.548595076039761 -0.539299247892741
-0.541243186667558 -0.546073411676414
-0.53449294116286 -0.553447288469769
-0.52839149855936 -0.561366400753184
-0.52298102883869 -0.569772770787235
-0.518298467939994 -0.578605333516721
-0.514375314666227 -0.587800436707966
-0.511237470104174 -0.597292279611089
-0.508905119843958 -0.607013541872547
-0.507399562308415 -0.61689556534186
-0.506708760762507 -0.626869248686668
-0.506855968775528 -0.636865289657079
-0.507831390375937 -0.646814733602094
-0.509626268864586 -0.656649431152658
-0.512226530872399 -0.666302515568035
-0.515612483869012 -0.67570884041867
-0.519759339189249 -0.684805475054027
-0.524637349850654 -0.693531848263911
-0.530212076765618 -0.701830445037492
-0.536444677480159 -0.709647045320174
-0.543292154440991 -0.716930998960663
-0.55070796310146 -0.723635551203246
-0.558641943516993 -0.729718105558919
-0.567040986311453 -0.735140454386806
-0.575849342621147 -0.739868976318443
-0.585009050208968 -0.743874799908891
-0.594460227313227 -0.747133933146655
-0.60414164211781 -0.749627358697498
-0.613991024610433 -0.75134109499384
-0.623945502364064 -0.752266223509999
-0.633942009393571 -0.752394894741329
-0.643917689197451 -0.751740160668737
-0.653810359819218 -0.750296251677458
-0.663571939080521 -0.748078145274691
-0.673102613234543 -0.745101459390523
-0.68239536380716 -0.741386428692458
-0.691347169486759 -0.736957666771006
-0.699937784643446 -0.731843958992145
-0.708105024507145 -0.726078032996903
-0.715800708659099 -0.719696308799718
-0.722979859294922 -0.712738630516377
-0.729601116613575 -0.705247981815728
-0.735626518693619 -0.697270187236857
-0.741022074179277 -0.688853601545526
-0.745757733812186 -0.680048789320469
-0.749807550870427 -0.670908196962275
-0.753149780979857 -0.661485819305426
-0.755766955078963 -0.651836862988239
-0.757645925707053 -0.642017486813793
-0.758777886946362 -0.632084147518601
-0.759158368502163 -0.622093749576783
-0.758784788173232 -0.61210293971061
-0.757666227109083 -0.60216806628841
-0.755810403377299 -0.592344563363326
-0.753225380034797 -0.582686851385054
-0.749929681462986 -0.573247993316399
-0.745943275798471 -0.564079415711579
-0.741289918498411 -0.55523064421407
-0.735996774340697 -0.546749054666596
-0.730094271284556 -0.538679640899841
-0.72361588992996 -0.531064800138201
-0.716597939930603 -0.523943913432668
-0.709079324936465 -0.517354066472811
-0.701101297664058 -0.511328538887296
-0.692707206704219 -0.505897573427224
-0.683942236679165 -0.501088031257234
-0.674853143352668 -0.496923295495247
-0.665487985280222 -0.49342319532134
-0.655895784471972 -0.490603950581238
-0.646126601213372 -0.488478136696132
-0.636230573674724 -0.487054669581568
-0.626258341835605 -0.4863388101746
-0.616260439014521 -0.486332188070534
-0.606287103176237 -0.487035409970765
-0.59638802564997 -0.48843774710528
-0.586612107525692 -0.490532929937065
-0.577007224831109 -0.493307523846981
-0.567620003511681 -0.496748343204001
-0.558495605152985 -0.500835484690905
-0.549677524299013 -0.505547281574927
-0.541207398132609 -0.510859225811333
-0.533124829195411 -0.51674412832659
-0.52546722173525 -0.523172289509585
-0.518269632179221 -0.530111678785194
-0.511564634141377 -0.537528122130016
-0.505382198285431 -0.545385496382389
-0.499749587275672 -0.553645929197524
-0.494691265963847 -0.562270003503674
-0.490226911563146 -0.571216965326248
-0.48638101338189 -0.580444933863499
-0.483163342973599 -0.589909584347284
-0.480588582014117 -0.599570445436386
-0.478666392419418 -0.609382027063725
-0.477403417492031 -0.619300048854701
-0.476803296258355 -0.629281757305226
-0.476866691477459 -0.639279708075827
-0.477592111995138 -0.649251576466198
-0.478972798435275 -0.659153953463147
-0.48100160559751 -0.668944125640602
-0.483667826954264 -0.678580253430026
-0.486958106149488 -0.688021541753604
-0.49085597909623 -0.697228402422227
-0.495344252051559 -0.706162022824095
-0.500401643013256 -0.714786866955559
-0.506005268438945 -0.723067249415036
-0.512225446173708 -0.73096985120006
-0.518749463887709 -0.738463231848211
-0.525834460257015 -0.745517914320404
-0.53335483457865 -0.752106673877142
-0.54127876755038 -0.758203923217516
-0.549573102322849 -0.76378698893678
-0.558203501756449 -0.768835060452172
-0.567134607310226 -0.773329766420552
-0.576330198821572 -0.777255111264075
-0.58575335445499 -0.780597502624075
-0.595366610120517 -0.783345768221785
-0.605132117687203 -0.785491162339734
-0.61501180134412 -0.787028167588523
-0.624967511490576 -0.787951166049041
-0.634961175568117 -0.788259534140225
-0.644954945279591 -0.787953686720536
-0.654911339674413 -0.787037609649083
-0.664793383614384 -0.785515897019606
-0.674564741170405 -0.783396991086849
-0.684189843537276 -0.78069019025377
-0.693634011091023 -0.777407596385839
-0.70286356925084 -0.773562463277409
-0.711845957845493 -0.769170803840079
-0.720549833721661 -0.764250162870479
-0.728945166369213 -0.758819809429452
-0.737003326375388 -0.752900842318367
-0.744697166556384 -0.746515248842627
-0.752001095650596 -0.73968708647677
-0.758891144492713 -0.732441494172805
-0.7653450246218 -0.724804805741458
-0.771342179309394 -0.716804436293822
-0.776863827025326 -0.708468767298632
-0.781892997389327 -0.699827030739752
-0.786414559685573 -0.690909192845826
-0.790415244044829 -0.6817458378498
-0.793883655424958 -0.672368052220413
-0.796810280545074 -0.662807309790831
-0.799187487951491 -0.653095358191547
-0.801009451746626 -0.643264106975587
-0.802272410268433 -0.633345517804074
-0.802974046690032 -0.623371497039496
-0.803114542973021 -0.613373791072585
-0.802695588449341 -0.603383884686895
-0.801719762454186 -0.593432902742789
-0.800192407462165 -0.583551515440015
-0.798120316057079 -0.573769847395254
-0.795511704706046 -0.564117390748221
-0.792376417802501 -0.554622922487082
-0.788725797885015 -0.545314426161287
-0.784572623251867 -0.536219018127468
-0.779931042353951 -0.527362878451911
-0.774816505292659 -0.518771186571355
-0.769245692748707 -0.51046806179255
-0.763236442665816 -0.502476508690293
-0.756807675010052 -0.494818367443424
-0.749979314921222 -0.487514269128798
-0.742772214567423 -0.480583595974407
-0.735208074007415 -0.474044446554764
-0.727309361358229 -0.467913605894398
-0.719099250927306 -0.462206520428855
-0.710601479296659 -0.456937277757022
-0.701840211724513 -0.452118591103881
-0.692840449977934 -0.447761788399013
-0.683627170275161 -0.44387680586327
-0.674225768953549 -0.440472282582221
-0.664661855220081 -0.437555173868034
-0.654961175343716 -0.435131344452471
-0.645149537571253 -0.433205185366878
-0.635252738527116 -0.431779726939945
-0.62529650091343 -0.430856506524889
-0.615306394657989 -0.430436199389551
-0.605307774350775 -0.430517637199401
-0.595325734628641 -0.431098778168114
-0.585384973932509 -0.432176100208311
-0.575509843076808 -0.433744957929265
-0.56572422054847 -0.435799536237043
-0.556051597448396 -0.438332888565112
-0.546514535453277 -0.441336977269607
-0.537135360216106 -0.444802715996698
-0.527935619936809 -0.448720013830216
-0.518936168379535 -0.453077883706068
-0.510157126131029 -0.45786423295539
-0.501617844899842 -0.463066305737194
-0.493336874862326 -0.468670463334052
-0.485331935051442 -0.474662303324907
-0.477619886774825 -0.481026710504389
-0.470216710039518 -0.487747908310099
-0.463137482952151 -0.494809510592163
-0.456396364055187 -0.502194573564593
-0.450006577552232 -0.509885647783609
-0.443980331482517 -0.517864830003845
-0.438329090499677 -0.526113814769516
-0.433063142923178 -0.534613945603913
-0.428191883589699 -0.543346265667088
-0.423723740339283 -0.552291567758232
-0.419666175219671 -0.561430443546028
-0.416025688076869 -0.570743331917103
-0.412807580440906 -0.580210566339637
-0.410016937324561 -0.589812421146126
-0.407657168166388 -0.599529156646273
-0.405731004392649 -0.609341062987924
-0.40424026568834 -0.619228502690873
-0.403185875896754 -0.629171951785212
-0.402567880614804 -0.639152039492666
-0.402385466378955 -0.649149586396023
-0.402636981336145 -0.659145641048315
-0.403319957293964 -0.669121514979808
-0.404431133044612 -0.679058816067134
-0.405966478857683 -0.688939480234993
-0.407921222037673 -0.698745801466753
-0.410289873443276 -0.708460460106042
-0.413066254866879 -0.718066549436908
-0.416243527174378 -0.727547600535509
-0.419814219107264 -0.736887605391345
-0.423770256651072 -0.746071038300982
-0.428102992876541 -0.755082875541838
-0.432803238162331 -0.763908613338064
-0.437858838384525 -0.772534284134736
-0.443264455916982 -0.780946471200522
-0.449007076034441 -0.78913232158275
-0.455078237285757 -0.797079557442222
-0.461461334746237 -0.804776485798446
-0.468147125844865 -0.812210548340544
-0.475123482539272 -0.819374404251286
-0.482377979603897 -0.826256439530482
-0.489897924660598 -0.832848151000839
-0.49767038784328 -0.839139106450832
-0.50568223103992 -0.845122233022564
-0.513920136658816 -0.850790078801849
-0.522370635869305 -0.856135802031458
-0.531020136270631 -0.861153168349148
-0.539854948946004 -0.865836546870449
-0.548861314862299 -0.870180905167694
-0.558025430579095 -0.874181803197451
-0.56733347323408 -0.87783538622902
-0.576771624775006 -0.881138376826968
-0.586326095411556 -0.884088065940843
-0.595983146263523 -0.886682303155232
-0.605729111184727 -0.88891948615316
-0.615550417744975 -0.890798549445584
-0.625433607355219 -0.892318952419306
-0.63536535452379 -0.893480666755092
-0.645332485234228 -0.894284163267169
-0.655321994437772 -0.894871898875228
-0.665321062656008 -0.894820799133223
-0.675317071691542 -0.894557250239346
-0.685297619446762 -0.893942077448417
-0.695250533852919 -0.892978075471216
-0.705163885913774 -0.891668321222125
-0.715026001869969 -0.890016416488183
-0.724825474492109 -0.888026298131092
-0.734551173512248 -0.885702265656638
-0.744192255205055 -0.883048768278697
-0.753738171131473 -0.880071183126798
-0.763178676059041 -0.876774594136671
-0.772503835074351 -0.873164587305312
-0.781704029904326 -0.869247029077763
-0.790769964464058 -0.865028049938262
-0.799692669649979 -0.860514028087411
-0.808463764068527 -0.855711573234818
-0.817074419583763 -0.850627510535114
-0.825516937798947 -0.845268864693731
-0.833783691059171 -0.839642844267258
-0.841867392051715 -0.833756826181701
-0.849761094509112 -0.827618340490459
-0.857458023813504 -0.821235055392319
-0.864952280291588 -0.814614762528344
-0.872237741633155 -0.80776536257504
-0.87930882119936 -0.800694851149828
-0.88616026833466 -0.793411305043384
-0.892787165807325 -0.785922868792147
-0.899184926790217 -0.778237741602887
-0.905349291405785 -0.770364164639992
-0.911276322859157 -0.762310408684877
-0.916962403182959 -0.754084762175665
-0.922404228617317 -0.745695519634188
-0.927598804648192 -0.737150970486151
-0.932543440726902 -0.728459306134474
-0.93723574469333 -0.719628948678649
-0.941673616924919 -0.710668015600199
-0.945855244233146 -0.701584672214248
-0.949779093528727 -0.692387028866298
-0.953443905276287 -0.683083132176858
-0.956848686758792 -0.673680956692197
-0.95999270517145 -0.664188396939554
-0.962875480564301 -0.654613259884388
-0.965496778652115 -0.64496325778654
-0.967856603509682 -0.635246001451542
-0.969955190169942 -0.625468993872634
-0.971792997141871 -0.615639624258512
-0.973370698864364 -0.60576516244126
-0.974688976973335 -0.59585275365842
-0.975749328470023 -0.58590941370269
-0.976552816958375 -0.575942024432317
-0.977100904414287 -0.565957410953031
-0.977395230579257 -0.555962006020126
-0.977437605337668 -0.545962354531569
-0.977230001126749 -0.535964764640943
-0.976774545390587 -0.52597539326143
-0.976073513088915 -0.516000243575072
-0.975129319270841 -0.506045162845045
-0.973944511723066 -0.496115840521799
-0.972521763701589 -0.486217806633772
-0.970863866755294 -0.476356430453296
-0.968979658667878 -0.466536919428186
-0.966858694361774 -0.456764318369494
-0.96450882439583 -0.447043508885814
-0.96194036770853 -0.437379209054555
-0.959152250436204 -0.42777597332057
-0.956147829248002 -0.418238192612575
-0.952930532036371 -0.408770094667812
-0.949503851714146 -0.399375744555491
-0.945871340155595 -0.390059045389612
-0.942036602284834 -0.380823739221849
-0.938003290314602 -0.371673408105312
-0.933775098137971 -0.362611475320087
-0.92935575587519 -0.353641206751621
-0.924749024577458 -0.344765712413123
-0.91995869108911 -0.335987948103348
-0.914988563069297 -0.32731071719126
-0.909842464173964 -0.318736672519249
-0.904524229398579 -0.310268318416775
-0.899037700581794 -0.301908012816475
-0.893386722069918 -0.293657969464968
-0.887575136541818 -0.285520260220806
-0.881606780993626 -0.277496817432191
-0.875485482882351 -0.269589436387321
-0.869215056427327 -0.26179977783041
-0.862799299068154 -0.254129370536645
-0.856241988077648 -0.246580331727997
-0.849546877328084 -0.239152493345992
-0.842716741883263 -0.231847725984473
-0.835757237596942 -0.224667057352939
-0.828671022204516 -0.217611396724976
-0.821461726731052 -0.210681537737812
-0.814132944858117 -0.203878161209764
-0.806688230565574 -0.197201837970552
-0.799131095910683 -0.190653031699715
-0.79146500894176 -0.184232101768542
-0.783693391743599 -0.177939306081161
-0.775819618611736 -0.171774803910629
-0.767847014352634 -0.165738658726066
-0.759778852706758 -0.159830841007079
-0.751618354891512 -0.154051231041928
-0.743368688260936 -0.148399621706062
-0.735032965079055 -0.142875721217857
-0.726614241403746 -0.137479155868571
-0.718115516077958 -0.132209472723702
-0.709539729825158 -0.127066142293137
-0.700889764445795 -0.122048561167615
-0.692168442111683 -0.117156054619242
-0.68337852475511 -0.112387879163917
-0.674522713549577 -0.107743225083717
-0.665603648479047 -0.103221218907427
-0.656623907992615 -0.0988209258475606
-0.647586008741571 -0.0945413521923636
-0.638492405395804 -0.0903814476514169
-0.629345490536599 -0.0863401076536154
-0.620147594622874 -0.0824161755964135
-0.610900986027953 -0.0786084450453595
-0.601607871144054 -0.0749152696388633
-0.592270394551678 -0.0713361966247774
-0.582890639251155 -0.0678694212206243
-0.573470626953674 -0.0645135592044621
-0.564011349539425 -0.0612671867134258
-0.55451672261365 -0.0581288421324053
-0.544987535161158 -0.0550970279293237
-0.535425567899995 -0.0521702124368826
-0.525832542521926 -0.0493468315807321
-0.516210122285928 -0.0466252905541026
-0.506559912654154 -0.0440039654390171
-0.49688346196814 -0.0414812047742752
-0.487182262163155 -0.0390553310704755
-0.477457749518614 -0.0367246422724054
-0.467711305442568 -0.0344874131691956
-0.457944257288335 -0.0323418967526962
-0.448157879201419 -0.0302863255245866
-0.438353392994918 -0.0283189127527882
-0.428531969051692 -0.0264378536777974
-0.418694727251634 -0.0246413266696063
-0.408842737922444 -0.0229274943359209
-0.398977022812377 -0.0212945045824308
-0.389098556083499 -0.0197404916259228
-0.379208265324041 -0.0182635769610671
-0.36930703257852 -0.0168618702817401
-0.359395695394344 -0.0155334703577793
-0.349475047883679 -0.0142764658680932
-0.33954584179942 -0.0130889361910818
-0.32960878762418 -0.0119689521533418
-0.319664555671225 -0.0109145767376601
-0.3097137771964 -0.00992386575131587
-0.299758911438471 -0.00899486845573552
-0.289796493365185 -0.00812562815855873
-0.279829236440918 -0.00731418276919367
-0.26985762339011 -0.00655856531895246
-0.25988210380251 -0.00585680444687247
-0.249903095288942 -0.00520692485234081
-0.239920984641916 -0.00460694771565104
-0.22993612900055 -0.00405489108763055
-0.219948857019329 -0.00354877024948615
-0.209959470040266 -0.00308659804402346
-0.199968243268052 -0.00266638517940244
-0.189975426947834 -0.00228614050659768
-0.17998124754526 -0.00194387127173757
-0.169985908928508 -0.00163758334450089
-0.159989593551996 -0.00136528142375377
-0.149992463641534 -0.00112496922161318
-0.139994662380688 -0.000914649627126228
-0.129996315098155 -0.000732324850756952
-0.119997530455972 -0.000575996550874467
-0.109998401638406 -0.00044366594343797
-0.0999990075413836 -0.000334085314369376
-0.0899994139623562 -0.000243548751228397
-0.0799996747904886 -0.000171052352623429
-0.0699998331971023 -0.000114591841974722
-0.0599999228262989 -7.2162845647916E-05
-0.0499999689857129 -4.17609246831117E-05
-0.0399999898373504 -2.1381598685219E-05
-0.0299999975884843 -9.02036299524729E-06
-0.0199999996825808 -2.67270026230513E-06
-0.00999999999024426 -3.34087536129566E-07
-1.6888920817415E-13 -1.60940732088507E-39
0.00999999998990648 3.34087536095711E-07
0.019999999682243 2.67270026216972E-06
0.0299999975881465 9.0203629949426E-06
0.0399999898370126 2.13815986846773E-05
0.0499999689853751 4.17609246822653E-05
0.0599999228259612 7.21628456466973E-05
0.0699998331967645 0.000114591841973063
0.0799996747901508 0.000171052352621263
0.0899994139620184 0.000243548751225655
0.0999990075410459 0.000334085314365991
0.109998401638068 0.000443665943433882
0.119997530455634 0.000575996550869602
0.129996315097817 0.000732324850751243
0.139994662380351 0.000914649627119607
0.149992463641197 0.00112496922160558
0.159989593551659 0.00136528142374513
0.169985908928171 0.00163758334449113
0.179981247544922 0.00194387127172663
0.189975426947496 0.00228614050658549
0.199968243267715 0.00266638517938893
0.209959470039928 0.00308659804400856
0.219948857018992 0.0035487702494698
0.229936129000213 0.00405489108761269
0.239920984641579 0.0046069477156316
0.249903095288604 0.00520692485231971
0.259882103802173 0.00585680444684965
0.269857623389773 0.00655856531892786
0.279829236440581 0.00731418276916721
0.289796493364848 0.00812562815853035
0.299758911438134 0.00899486845570516
0.309713777196064 0.00992386575128345
0.319664555670889 0.0109145767376255
0.329608787623844 0.0119689521533051
0.339545841799085 0.0130889361910428
0.349475047883343 0.0142764658680519
0.359395695394009 0.0155334703577356
0.369307032578185 0.016861870281694
0.379208265323706 0.0182635769610184
0.389098556083165 0.0197404916258716
0.398977022812044 0.021294504582377
0.408842737922111 0.0229274943358644
0.418694727251301 0.024641326669547
0.42853196905136 0.0264378536777353
0.438353392994587 0.0283189127527232
0.448157879201088 0.0302863255245187
0.457944257288004 0.0323418967526252
0.467711305442238 0.0344874131691216
0.477457749518285 0.0367246422723282
0.487182262162826 0.0390553310703952
0.496883461967813 0.0414812047741916
0.506559912653828 0.0440039654389302
0.516210122285603 0.0466252905540124
0.525832542521601 0.0493468315806384
0.535425567899672 0.0521702124367854
0.544987535160836 0.055097027929223
0.554516722613329 0.0581288421323011
0.564011349539104 0.0612671867133179
0.573470626953355 0.0645135592043506
0.582890639250838 0.0678694212205091
0.592270394551362 0.0713361966246584
0.601607871143739 0.0749152696387404
0.610900986027639 0.0786084450452327
0.620147594622562 0.0824161755962829
0.62934549053629 0.0863401076534809
0.638492405395495 0.0903814476512784
0.647586008741265 0.0945413521922211
0.656623907992311 0.098820925847414
0.665603648478744 0.103221218907276
0.674522713549277 0.107743225083562
0.683378524754812 0.112387879163758
0.692168442111387 0.117156054619079
0.700889764445502 0.122048561167447
0.709539729824867 0.127066142292965
0.71811551607767 0.132209472723527
0.72661424140346 0.137479155868391
0.735032965078772 0.142875721217673
0.743368688260656 0.148399621705873
0.751618354891235 0.154051231041735
0.759778852706484 0.159830841006881
0.767847014352363 0.165738658725864
0.775819618611469 0.171774803910423
0.783693391743335 0.17793930608095
0.791465008941499 0.184232101768327
0.799131095910425 0.190653031699496
0.806688230565321 0.197201837970329
0.814132944857867 0.203878161209536
0.821461726730806 0.21068153773758
0.828671022204274 0.21761139672474
0.835757237596705 0.224667057352699
0.84271674188303 0.231847725984228
0.849546877327856 0.239152493345744
0.856241988077424 0.246580331727744
0.862799299067935 0.254129370536388
0.869215056427113 0.261799777830148
0.875485482882142 0.269589436387056
0.881606780993422 0.277496817431922
0.887575136541619 0.285520260220533
0.893386722069724 0.293657969464691
0.899037700581606 0.301908012816194
0.904524229398396 0.310268318416491
0.909842464173787 0.318736672518961
0.914988563069126 0.327310717190969
0.919958691088945 0.335987948103053
0.924749024577299 0.344765712412824
0.929355755875037 0.353641206751319
0.933775098137825 0.362611475319783
0.938003290314462 0.371673408105004
0.942036602284701 0.380823739221539
0.945871340155469 0.390059045389299
0.949503851714027 0.399375744555175
0.952930532036258 0.408770094667493
0.956147829247896 0.418238192612254
0.959152250436107 0.427775973320246
0.961940367708439 0.437379209054229
0.964508824395747 0.447043508885486
0.966858694361698 0.456764318369164
0.96897965866781 0.466536919427855
0.970863866755235 0.476356430452963
0.972521763701536 0.486217806633438
0.973944511723021 0.496115840521464
0.975129319270805 0.506045162844709
0.976073513088887 0.516000243574735
0.976774545390567 0.525975393261092
0.977230001126738 0.535964764640605
0.977437605337665 0.545962354531231
0.977395230579263 0.555962006019788
0.977100904414301 0.565957410952694
0.976552816958398 0.57594202443198
0.975749328470055 0.585909413702354
0.974688976973375 0.595852753658084
0.973370698864413 0.605765162440926
0.971792997141929 0.61563962425818
0.969955190170008 0.625468993872303
0.967856603509757 0.635246001451213
0.9654967786522 0.644963257786213
0.962875480564394 0.654613259884063
0.959992705171552 0.664188396939232
0.956848686758903 0.673680956691877
0.953443905276406 0.683083132176541
0.949779093528855 0.692387028865986
0.945855244233283 0.701584672213939
0.941673616925064 0.710668015599894
0.937235744693485 0.719628948678349
0.932543440727065 0.728459306134178
0.927598804648363 0.73715097048586
0.922404228617497 0.745695519633902
0.916962403183147 0.754084762175384
0.911276322859353 0.762310408684602
0.905349291405989 0.770364164639723
0.899184926790429 0.778237741602624
0.892787165807545 0.785922868791891
0.886160268334887 0.793411305043135
0.879308821199595 0.800694851149585
0.872237741633398 0.807765362574805
0.864952280291838 0.814614762528116
0.857458023813761 0.8212350553921
0.849761094509375 0.827618340490248
0.841867392051985 0.833756826181498
0.833783691059447 0.839642844267063
0.825516937799229 0.845268864693546
0.817074419584052 0.850627510534937
0.808463764068821 0.855711573234651
0.799692669650278 0.860514028087254
0.790769964464362 0.865028049938114
0.781704029904634 0.869247029077625
0.772503835074664 0.873164587305185
0.763178676059358 0.876774594136554
0.753738171131794 0.880071183126692
0.744192255205379 0.883048768278602
0.734551173512575 0.885702265656553
0.72482547449244 0.888026298131019
0.715026001870301 0.890016416488121
0.705163885914108 0.891668321222075
0.695250533853255 0.892978075471177
0.685297619447099 0.89394207744839
0.67531707169188 0.894557250239331
0.665321062656346 0.89482079913322
0.65532199443811 0.894871898875236
0.645332485234566 0.89428416326719
0.635365354524126 0.893480666755126
0.625433607355554 0.892318952419352
0.615550417745308 0.890798549445642
0.605729111185058 0.888919486153229
0.595983146263851 0.886682303155314
0.58632609541188 0.884088065940937
0.576771624775327 0.881138376827074
0.567333473234397 0.877835386229138
0.558025430579408 0.87418180319758
0.548861314862606 0.870180905167835
0.539854948946306 0.865836546870602
0.531020136270926 0.861153168349312
0.522370635869594 0.856135802031633
0.513920136659098 0.850790078802035
0.505682231040194 0.845122233022761
0.497670387843547 0.83913910645104
0.489897924660856 0.832848151001057
0.482377979604146 0.82625643953071
0.475123482539512 0.819374404251524
0.468147125845096 0.81221054834079
0.461461334746458 0.804776485798702
0.455078237285967 0.797079557442487
0.44900707603464 0.789132321583023
0.443264455917171 0.780946471200803
0.437858838384701 0.772534284135024
0.432803238162496 0.76390861333836
0.428102992876693 0.75508287554214
0.423770256651212 0.74607103830129
0.419814219107392 0.736887605391658
0.416243527174492 0.727547600535827
0.41306625486698 0.718066549437231
0.410289873443363 0.708460460106369
0.407921222037746 0.698745801467084
0.405966478857742 0.688939480235325
0.404431133044657 0.679058816067469
0.403319957293994 0.669121514980145
0.402636981336161 0.659145641048653
0.402385466378957 0.649149586396361
0.402567880614791 0.639152039493003
0.403185875896726 0.629171951785549
0.404240265688297 0.619228502691209
0.405731004392591 0.609341062988257
0.407657168166316 0.599529156646603
0.410016937324474 0.589812421146453
0.412807580440805 0.58021056633996
0.416025688076753 0.570743331917421
0.419666175219541 0.56143044354634
0.42372374033914 0.552291567758538
0.42819188358954 0.543346265667387
0.433063142923007 0.534613945604205
0.438329090499492 0.526113814769799
0.443980331482319 0.51786483000412
0.450006577552022 0.509885647783874
0.456396364054965 0.502194573564848
0.463137482951917 0.494809510592407
0.470216710039273 0.487747908310333
0.477619886774569 0.48102671050461
0.485331935051176 0.474662303325116
0.493336874862051 0.468670463334248
0.501617844899557 0.463066305737376
0.510157126130736 0.457864232955559
0.518936168379234 0.453077883706223
0.527935619936501 0.448720013830356
0.537135360215792 0.444802715996823
0.546514535452956 0.441336977269716
0.556051597448071 0.438332888565205
0.565724220548141 0.43579953623712
0.575509843076476 0.433744957929326
0.585384973932175 0.432176100208355
0.595325734628304 0.431098778168142
0.605307774350438 0.430517637199412
0.615306394657651 0.430436199389545
0.625296500913093 0.430856506524866
0.63525273852678 0.431779726939906
0.64514953757092 0.433205185366821
0.654961175343386 0.435131344452397
0.664661855219756 0.437555173867943
0.674225768953229 0.440472282582114
0.683627170274846 0.443876805863146
0.692840449977626 0.447761788398874
0.701840211724214 0.452118591103726
0.710601479296367 0.456937277756851
0.719099250927024 0.462206520428669
0.727309361357957 0.467913605894197
0.735208074007153 0.474044446554549
0.742772214567173 0.480583595974179
0.749979314920985 0.487514269128557
0.756807675009828 0.49481836744317
0.763236442665606 0.502476508690028
0.769245692748511 0.510468061792274
0.774816505292479 0.518771186571068
0.779931042353785 0.527362878451616
0.784572623251719 0.536219018127164
0.788725797884884 0.545314426160975
0.792376417802387 0.554622922486764
0.795511704705948 0.564117390747897
0.798120316057 0.573769847394925
0.800192407462104 0.583551515439683
0.801719762454144 0.593432902742453
0.802695588449318 0.603383884686557
0.803114542973017 0.613373791072246
0.802974046690047 0.623371497039158
0.802272410268467 0.633345517803738
0.801009451746678 0.643264106975252
0.799187487951563 0.653095358191216
0.796810280545165 0.662807309790505
0.793883655425067 0.672368052220093
0.790415244044956 0.681745837849487
0.786414559685718 0.69090919284552
0.781892997389489 0.699827030739455
0.776863827025505 0.708468767298345
0.77134217930959 0.716804436293546
0.765345024622011 0.724804805741193
0.75889114449294 0.732441494172554
0.752001095650837 0.739687086476532
0.744697166556638 0.746515248842403
0.737003326375656 0.752900842318159
0.728945166369492 0.75881980942926
0.720549833721951 0.764250162870305
0.711845957845792 0.769170803839922
0.702863569251149 0.773562463277271
0.693634011091339 0.777407596385719
0.684189843537599 0.780690190253669
0.674564741170734 0.783396991086768
0.664793383614717 0.785515897019545
0.65491133967475 0.787037609649041
0.644954945279929 0.787953686720516
0.634961175568456 0.788259534140224
0.624967511490914 0.787951166049062
0.615011801344457 0.787028167588565
0.605132117687536 0.785491162339797
0.595366610120846 0.783345768221869
0.585753354455313 0.780597502624179
0.576330198821888 0.777255111264199
0.567134607310533 0.773329766420695
0.558203501756747 0.768835060452334
0.549573102323136 0.76378698893696
0.541278767550654 0.758203923217714
0.533354834578912 0.752106673877357
0.525834460257262 0.745517914320635
0.518749463887941 0.738463231848458
0.512225446173923 0.730969851200321
0.506005268439144 0.723067249415311
0.500401643013436 0.714786866955846
0.495344252051721 0.706162022824393
0.490855979096372 0.697228402422534
0.48695810614961 0.68802154175392
0.483667826954366 0.67858025343035
0.48100160559759 0.668944125640931
0.478972798435333 0.65915395346348
0.477592111995174 0.649251576466535
0.476866691477472 0.639279708076166
0.476803296258346 0.629281757305565
0.477403417492 0.619300048855038
0.478666392419364 0.609382027064059
0.480588582014041 0.599570445436716
0.483163342973501 0.589909584347608
0.48638101338177 0.580444933863816
0.490226911563006 0.571216965326556
0.494691265963685 0.562270003503972
0.49974958727549 0.55364592919781
0.50538219828523 0.545385496382662
0.511564634141159 0.537528122130274
0.518269632178985 0.530111678785437
0.525467221734998 0.523172289509812
0.533124829195144 0.516744128326799
0.541207398132327 0.510859225811523
0.549677524298719 0.505547281575097
0.55849560515268 0.500835484691055
0.567620003511368 0.496748343204129
0.577007224830786 0.493307523847087
0.586612107525364 0.490532929937147
0.596388025649636 0.48843774710534
0.606287103175901 0.487035409970801
0.616260439014183 0.486332188070546
0.626258341835266 0.486338810174588
0.636230573674386 0.487054669581531
0.646126601213038 0.488478136696072
0.655895784471643 0.490603950581155
0.6654879852799 0.493423195321233
0.674853143352354 0.496923295495118
0.683942236678862 0.501088031257081
0.692707206703928 0.505897573427051
0.701101297663779 0.511328538887102
0.709079324936202 0.517354066472598
0.716597939930356 0.523943913432435
0.723615889929731 0.531064800137951
0.730094271284346 0.538679640899575
0.735996774340506 0.546749054666316
0.741289918498242 0.555230644213777
0.745943275798323 0.564079415711274
0.749929681462862 0.573247993316083
0.753225380034697 0.582686851384729
0.755810403377223 0.592344563362994
0.757666227109033 0.602168066288075
0.758784788173206 0.612102939710272
0.759158368502163 0.622093749576443
0.758777886946387 0.632084147518263
0.757645925707104 0.642017486813457
0.755766955079039 0.651836862987908
0.753149780979958 0.661485819305103
0.749807550870552 0.67090819696196
0.745757733812335 0.680048789320165
0.741022074179447 0.688853601545235
0.735626518693812 0.697270187236579
0.729601116613787 0.705247981815466
0.722979859295155 0.712738630516132
0.71580070865935 0.719696308799491
0.708105024507413 0.726078032996697
0.69993778464373 0.73184395899196
0.691347169487056 0.736957666770845
0.682395363807468 0.741386428692319
0.673102613234861 0.745101459390409
0.663571939080845 0.748078145274602
0.653810359819551 0.750296251677396
0.643917689197788 0.751740160668701
0.633942009393909 0.752394894741319
0.623945502364402 0.752266223510016
0.613991024610768 0.751341094993884
0.604141642118141 0.74962735869757
0.594460227313551 0.747133933146753
0.585009050209283 0.743874799909014
0.575849342621451 0.73986897631859
0.567040986311744 0.735140454386977
0.55864194351727 0.729718105559114
0.550707963101721 0.723635551203461
0.543292154441232 0.7169309989609
0.536444677480381 0.709647045320429
0.530212076765818 0.701830445037764
0.524637349850831 0.693531848264199
0.519759339189401 0.684805475054329
0.51561248386914 0.675708840418982
0.5122265308725 0.666302515568359
0.50962626886466 0.656649431152987
0.507831390375985 0.646814733602428
0.506855968775548 0.636865289657417
0.506708760762497 0.626869248687006
0.507399562308378 0.616895565342195
0.508905119843893 0.607013541872878
0.511237470104081 0.597292279611415
0.514375314666108 0.587800436708282
0.518298467939848 0.578605333517026
0.522981028838518 0.569772770787527
0.528391498559165 0.56136640075346
0.534492941162642 0.553447288470028
0.541243186667318 0.546073411676654
0.548595076039503 0.53929924789296
0.556492024698776 0.533175289053728
0.564891960245772 0.527747643151499
0.57372057951899 0.523057606415429
0.582918508169215 0.519141383532655
0.59241880823486 0.516029684237979
0.602151714597431 0.513747452518035
0.612045238577808 0.512313650359561
0.622025685665389 0.511741051954745
0.632018194718609 0.512035713525521
0.641947280581376 0.513207819992161
0.651737459742009 0.515219616183714
0.661296847521923 0.518088525920072
0.670585215977051 0.521784274313638
0.679531010296534 0.526280065638065
0.68803001051024 0.531543341778682
0.696032341339566 0.537534790924112
0.703474457749003 0.544209320788312
0.710296738423764 0.551516169434229
0.716444179898829 0.559399243713345
0.721866557861347 0.567797505942973
0.726519107848367 0.576645406633349
0.730363320257767 0.585873547680444
0.733366389090466 0.595408464338516
0.735502270920042 0.605174259501474
0.736751772630513 0.615092483786238
0.737102896580201 0.625082923799628
0.736550552535721 0.635064241599598
0.735097405494871 0.644954633458544
0.732737471021286 0.654672502738045
0.729536126158719 0.664137141437458
0.725470085056774 0.673269414772627
0.720587672328808 0.681992442978962
0.714927591128779 0.690232183154688
0.708535895729101 0.697918451594555
0.701465408692394 0.704985018069235
0.693774238565484 0.711370577211036
0.685527055115457 0.71701923762297
0.676792595408898 0.721881058802293
0.667645202685318 0.725912562348125
0.658162964378607 0.729077156527529
0.648427085391032 0.731345546157778
0.638522364667707 0.732696063641031
0.628534791592525 0.733114941616748
0.61855190663581 0.732596519348406
0.608661769510592 0.731143379705196
0.59895217991527 0.728766414164027
0.589509888994144 0.725484813861338
0.580419808551541 0.721325985363504
0.5717643600121 0.716325390493872
0.563622165693237 0.710526310248255
0.556068091079333 0.703979533543055
0.549171992517233 0.696742972264743
0.542998154908637 0.688881204819543
0.537604640918101 0.68046505170348
0.533042688606099 0.671570579806602
0.529356164086835 0.662279359702407
0.526581075433272 0.652676009718685
0.524745153603755 0.642850491845254
0.523867505647939 0.632893415585311
0.523958344867448 0.62289692327363
0.52501880196279 0.612957474899979
0.527046853145211 0.6031669241101
0.5300132874175 0.593621222647928
0.53393136238343 0.584411249429718
0.538664507635102 0.575625213034704
0.544269834645392 0.567348681919248
0.550661134882166 0.559662863656838
0.557771231331785 0.552643537778513
0.565545613416686 0.546360443083095
0.573902925126159 0.540876530585465
0.582762247457327 0.536247273280432
0.592037214485004 0.532520040697824
0.601636817780131 0.529733545740189
0.611466268843073 0.527917370719614
0.621427437793855 0.527091578848807
0.631421801133684 0.527266416697399
0.641348137187233 0.528442112303423
0.651107790758227 0.530608730297
0.660597465856352 0.533746345142221
0.669723280810664 0.537824880186578
0.678390075534988 0.542804496057559
0.686508523938515 0.54863585867396
0.693993646920528 0.555260555925073
0.700766777408241 0.562611614971258
0.706756186497078 0.570614116483554
0.711897902823647 0.5791859010221
0.716136461212701 0.588238361659041
0.719425571347408 0.597677315894169
0.721728697879707 0.607403948903416
0.72301954417639 0.617315790348783
0.723282057758983 0.627307880882201
0.722512638274967 0.637137303725034
0.720716294185565 0.647106766153809
0.717910812594848 0.656699654475074
0.714124547030513 0.665950166577217
0.709396654682576 0.674757791383598
0.703776772683161 0.683023389993692
0.697324574537773 0.690657385236554
0.690109214141418 0.69757453285613
0.682210035974088 0.703697353722591
0.673709672426163 0.708956708805737
0.664703726984326 0.713292648339893
0.655290939881278 0.716655169139088
0.645575709977002 0.719004869899335
0.635666423466922 0.720313582308212
0.625672737387322 0.720564444889218
0.615710578580205 0.719751307875892
0.605892712685276 0.717885661331723
0.596327988253806 0.714982523071052
0.587127676470199 0.711074562347992
0.578399688489781 0.706204736450829
0.570245265514713 0.700427327066789
0.562755197408696 0.693807416499709
0.556022263088866 0.686420230760302
0.55012483285089 0.678350355053117
0.545133356137708 0.669690828820928
0.541108066110047 0.660542129096545
0.538098064911697 0.65101105243325
0.536140686860531 0.641208740847828
0.535261294980304 0.631253201520947
0.535472206921854 0.62126040410576
0.536772888198782 0.611350391504932
0.539149725058885 0.601642212343687
0.542576047238774 0.592252869248167
0.547012417482857 0.583295899814885
0.552406869270256 0.574881659790379
0.558695480620371 0.56711300039401
0.565803139214289 0.560086655486834
0.573644200820867 0.553890805031982
0.582123557827207 0.548597410681271
0.591137704778827 0.544279790883246
0.600575948698252 0.540991039635984
0.610321724647466 0.538773753435123
0.620254001624441 0.53765774168376
0.630248738145158 0.537658840410116
0.640180539849961 0.53877898749782
0.649924021075645 0.541006025832635
0.659355526677478 0.544313723864468
0.668354625281846 0.548662038209598
0.676806119562655 0.553997359949511
0.6846016669399 0.560253190349301
0.691637594526072 0.567350827490107
0.697824422504465 0.575200383012365
0.703079872783955 0.583701692010139
0.707334153484587 0.592745605391476
0.710530355833604 0.602215369639046
0.712624450514942 0.611988087058587
0.713587307496441 0.62193614030773
0.713404318600458 0.631928960892136
0.712075917989695 0.641834759393796
0.70961764881338 0.651526577223618
0.706060312506346 0.660862089368231
0.70144943497154 0.669729179027073
0.695844913272043 0.678004268580822
0.689320307508693 0.685575119231183
0.681961944753739 0.69233954523285
0.673867960425403 0.698201347018758
0.665146856149859 0.703082859870199
0.655916326523492 0.706914599963504
0.646301639049388 0.709643033875236
0.636433902735144 0.711228256358924
0.626448420714522 0.711645751469789
0.616482825517258 0.710889746205548
0.606675164050146 0.708967771569034
0.597162015253658 0.705904548699897
0.588076468178488 0.701743988536194
0.579546588164199 0.696536165372896
0.571692656760274 0.690352664657459
0.56462659715748 0.683284909625714
0.558448145110769 0.675428299665554
0.553250732250836 0.666892898515539
0.549105530612076 0.65779901235536
0.546074742384474 0.648275540374654
0.544204141412074 0.63845915208464
0.543522205217991 0.628488445046268
0.544040839549616 0.618507935073841
0.545760871712677 0.608661989754338
0.548640175207161 0.599093741316559
0.552657895728541 0.589943069977436
0.557750741404677 0.581344210964265
0.563845851522906 0.573424462077329
0.570855298920025 0.566300892196751
0.578677025579863 0.560080188756981
0.587196587132556 0.554853990546069
0.596288591629727 0.550706935623906
0.605818484089794 0.54769751455944
0.615644430727854 0.545874160194467
0.625619637938978 0.545266145735118
0.635594227020206 0.545884551078843
0.645417536878039 0.547722073650923
0.65494055959817 0.55075282590404
0.66401810099394 0.554941418119876
0.672511011420804 0.56019978838525
0.680288215352318 0.566475307019703
0.687229835764162 0.573664570262357
0.693227364171822 0.581658367264051
0.698186668961539 0.590334554106432
0.702032178789981 0.599559862246108
0.704693975052109 0.609191613604253
0.706136720423165 0.619080428851865
0.706333312234361 0.629072049637742
0.705278706830739 0.639009674670839
0.70298752508305 0.648736904606188
0.69949405178349 0.658099776956526
0.694851727545475 0.666949387061929
0.689132379091074 0.675144282977994
0.682425604799779 0.682552302602868
0.674837105383333 0.689054626300915
0.666487290046365 0.694545154479401
0.657509298037968 0.698934332257295
0.648047119443368 0.702148651182927
0.638253248967698 0.704134690186712
0.628286192283688 0.704858288813827
0.618308293536158 0.704305687665565
0.608482548800778 0.702483927027272
0.598970492479308 0.699420806368063
0.589928894627254 0.695164932218554
0.581507766486312 0.68978475951305
0.573847448253287 0.683367432243998
0.567076862588218 0.676018025556607
0.561309216423015 0.667857412841788
0.556642760009474 0.659158062214435
0.553156810383549 0.649655530881763
0.550913050456874 0.639917778282986
0.549950551925209 0.629971344551425
0.550287575741993 0.619984121499929
0.551920401412709 0.610125535086742
0.554823217081689 0.600563381129499
0.558948266198172 0.591461664996122
0.564226818742438 0.582976755451869
0.570570070181044 0.575255415718035
0.57787024647455 0.568432487177238
0.586002860275938 0.562625818947706
0.59482794505119 0.55793826963052
0.604193195920809 0.5544524246876
0.613936204375668 0.55223211491042
0.623886979279967 0.551317442081689
0.633871139830276 0.551726393639315
0.643713351156264 0.553453690663199
0.653239326445557 0.556470998794128
0.662280398363315 0.560726711105003
0.670675102711418 0.566147066322281
0.67827314323574 0.572637240245327
0.684937389469173 0.580082995897443
0.69054523701405 0.588352356719157
0.694997995519514 0.597297882385576
0.698212770756271 0.606759454721038
0.700133362634765 0.616566554798845
0.700713168116824 0.62654204940877
0.699946293813884 0.636504976068515
0.697835647994626 0.646273350222413
0.694432376216883 0.655668427185777
0.689790438891969 0.664516929107972
0.683993137721621 0.672655603512659
0.677145850937152 0.679933032004884
0.669374053375561 0.686213385354809
0.660820390270517 0.691377879850979
0.651643046788348 0.695331183375231
0.642012316961977 0.697995057903073
0.632108246574342 0.699318705041681
0.622116287359949 0.699275327966362
0.612225713806573 0.697863703568781
0.602621000606556 0.695108613986329
0.593485685544189 0.69106029638027
0.584994207628841 0.685793812552478
0.577309160589419 0.679407765255825
0.570578663483605 0.672022585646904
0.564933849097678 0.663778410188688
0.56048342014688 0.654832434422214
0.557314232446427 0.645356106133515
0.555491274485364 0.635531860167641
0.555051153237889 0.62554966321364
0.556004366185556 0.615603369752981
0.558334241674659 0.605886965341548
0.561997411606039 0.596590769597218
0.566923500570649 0.587897467781833
0.573017608280679 0.579979250302859
0.580161197160583 0.572993247354349
0.58821444934421 0.567079012316164
0.597018805043437 0.562356323352176
0.606400338440432 0.558917229706961
0.61617280020677 0.556835843213968
0.626141171067112 0.556154660650166
0.636105766223718 0.556888905673463
0.645866273569922 0.559025678077068
0.6552252338636 0.562524313766365
0.663992907346378 0.567315791417285
0.671990676038752 0.573304967599774
0.679054646349105 0.580371122316585
0.68503948253844 0.588371827846461
0.689819833979477 0.597144717320321
0.693300222300904 0.606510760271968
0.695403005124674 0.616278367647959
0.696084249772408 0.626246475888987
0.695328083564094 0.636209163443147
0.693148123335792 0.645959765413598
0.689587759496059 0.655295171937196
0.684719417717695 0.664020094003386
0.678642866314435 0.671951284725529
0.671484631038182 0.678921162364075
0.66339255811602 0.684781901988496
0.65453678692322 0.689406750526838
0.645103794743499 0.692701117598797
0.635292743167968 0.694588439948051
0.625311359118305 0.695028321558888
0.615372580920898 0.694009421741079
0.605688358067818 0.691551547979686
0.596467496700575 0.687705454921915
0.587908200983958 0.682551943496431
0.580196321740078 0.676200202689349
0.57349842191382 0.668786174570233
0.567963233696656 0.660468784530174
0.563712884234274 0.651428484966357
0.560836469624895 0.641859538113863
0.559404352475512 0.631971347440841
0.559447931300729 0.621981311058244
0.560968218374521 0.612106861890946
0.563933695443253 0.602566336887429
0.568280791566443 0.593570897571642
0.573915076835484 0.58532047046777
0.580713154040892 0.577999130547996
0.588525240711185 0.571771319643612
0.597178231351318 0.566799917398067
0.606479586342268 0.563133116651694
0.616221548320629 0.560915224677704
0.626185266345804 0.560182228447223
0.636145651511363 0.560950397497773
0.645878964120439 0.563204327600742
0.655162828358646 0.566894844864913
0.663785892391097 0.571939901178406
0.671550641116213 0.578226229150991
0.678278564306035 0.585612082454807
0.683813835297447 0.593928867421032
0.688025236253494 0.602987019054712
0.690821500032846 0.612578763959814
0.692128782403249 0.622482930611757
0.691917312793907 0.63247100306554
0.690190032948886 0.642311083033064
0.68698520574651 0.651773320724364
0.682375741511426 0.660636267352757
0.676467683753748 0.668691695686909
0.669398113388653 0.675750961756765
0.661331841577304 0.681645042889618
0.652457888499235 0.68623369351877
0.642985065421374 0.689403945828993
0.633137355255376 0.691087404853747
0.623148370239023 0.691233526941715
0.613256047456548 0.689839755854952
0.603696933614755 0.686937433977164
0.59470014830125 0.682594179191566
0.586483696258089 0.676912456041012
0.579245233888459 0.670027480206186
0.573161190067294 0.662104011565574
0.568380202915228 0.653332416154719
0.565024702165327 0.643924555641187
0.563164876553487 0.634108564170936
0.562860998221008 0.624123390645781
0.564118130870054 0.614213000004622
0.566907418601977 0.604620559356731
0.571162223666169 0.595582243066235
0.576779596560811 0.587321123851523
0.583622305413369 0.580043537397442
0.591522487666501 0.57392960141729
0.600285268450224 0.569133148802732
0.609647497829467 0.565779779369149
0.619513684972463 0.5639336253785
0.629499770228573 0.56367169617485
0.639402573244719 0.564990235528379
0.64897080490486 0.567866911798204
0.656367268705113 0.572213620521697
0.666156041188693 0.577931263405043
0.673336426151316 0.584876507665413
0.679320766035085 0.592874546242307
0.68395681087264 0.601722968045356
0.687124162619307 0.611196972128149
0.688738832751946 0.621054823988219
0.688759034350777 0.631044058446448
0.687182165256951 0.640908000192362
0.684045748394404 0.650392041476502
0.679429487115109 0.659250633572733
0.673451329586891 0.667253441813348
0.666264852817084 0.674191511804014
0.658055653749514 0.679882893151347
0.649036876785389 0.684177235926049
0.639443536956331 0.686955191855255
0.629526588457268 0.688159096798233
0.619546465420214 0.687737818434793
0.609766208754468 0.685705014080608
0.600444542887317 0.68211533944492
0.591828989994022 0.677060443595011
0.584149207633948 0.670672980612265
0.577610791148397 0.663121376766482
0.572389704739638 0.654605704455399
0.568627412279804 0.645352584230953
0.566431271036013 0.635609410621603
0.565846597912402 0.6256374731863
0.566907309546551 0.615705257619375
0.569581157696678 0.606081075113184
0.573797665507564 0.597026100945647
0.579444336283589 0.588786583409547
0.58636898331313 0.58158576818067
0.594384336789632 0.575627434396757
0.603272527322499 0.57106989032852
0.612791022710738 0.568041454950269
0.622678988821403 0.56662725105621
0.632664529213368 0.566869346599434
0.642472102037985 0.568761575901038
0.651830054040892 0.572253993017883
0.660478264000759 0.57725160939663
0.668175407097465 0.583617383238786
0.674705848913462 0.591175227478904
0.679885707361906 0.599715751142393
0.68356830165285 0.609000398324056
0.685642040758394 0.618769659124562
0.686062734119569 0.628749121736268
0.684807914991811 0.638657657063011
0.681904826245142 0.64821438622513
0.677440235628513 0.657150475486886
0.671537895015811 0.665207422550829
0.664364552895457 0.672157557074842
0.656123269067506 0.677800513905114
0.647048623957956 0.681973284459958
0.637399912639829 0.684554490519873
0.627453821475605 0.685468125096489
0.617496566684212 0.684685506270811
0.607815680164738 0.682228466253361
0.598691780761144 0.678164926520828
0.590390221867995 0.672611396383845
0.583153479621521 0.66572747516906
0.577193679654249 0.657712707936465
0.572686489557173 0.648799744798443
0.569765511147667 0.639248636859771
0.568526515653274 0.629339070378805
0.568983714353142 0.619362248640972
0.571150129785097 0.609612284132165
0.574954218035257 0.600377702370678
0.580286505539899 0.591932724113202
0.58699020381262 0.584479646901917
0.594866890741832 0.578338323235086
0.603682988476658 0.57364451938292
0.613175983762518 0.570540300541977
0.62306206850373 0.569120472153936
0.633044710501473 0.569429591416489
0.642823395847207 0.571460294431928
0.652102391193399 0.575206864621084
0.660601094999211 0.580452049252674
0.668060612429853 0.587091479964773
0.674253048032904 0.594928983292555
0.678988432767065 0.603722236562313
0.682120500106483 0.613205646821072
0.683551536567724 0.623089760957359
0.683235861636226 0.633071935152408
0.681181151822412 0.642845412921242
0.677448978962857 0.652108844765046
0.672151585162956 0.660575678501224
0.665453619058869 0.6679830042548
0.657560895304985 0.674104946123152
0.648712431758321 0.678734455856566
0.639188758111497 0.681740929336575
0.629284547163308 0.683023534489855
0.619309336309631 0.68254020667393
0.609571919863429 0.680304059617008
0.600390931315611 0.676383578556791
0.592044867402745 0.670899840230496
0.584799025184562 0.664026218000897
0.578889759851806 0.655976257551964
0.574500383549707 0.647007807931964
0.571775263691294 0.637397806215216
0.570802290112471 0.627458639176603
0.571621613060781 0.617505094684237
0.57418784579702 0.607855792210386
0.578441721299413 0.598820514326096
0.584240944717529 0.590690501160903
0.591401819635711 0.583728675641852
0.599691642569368 0.578161157827835
0.608845755280759 0.574169698677657
0.618567434544488 0.571885464500783
0.628541316932407 0.571384585970594
0.638442520328905 0.572685323990807
0.647947843301039 0.575747157020341
0.656745747566937 0.580471811509651
0.6645469567334 0.586705944625469
0.671093936309889 0.594247694136667
0.676169570663504 0.602847098591637
0.679604803548611 0.612223836991797
0.681284218216292 0.622067827659048
0.681135332408789 0.63205332517851
0.679205071113897 0.641848075222298
0.675511902674023 0.651126119115872
0.670191967709108 0.659577102720568
0.663421795071331 0.666917472960786
0.655426319049135 0.672900010348848
0.64647254487961 0.677322204573918
0.636861754582505 0.680038004171527
0.626917172118993 0.680940676721175
0.616974734973627 0.680011061247569
0.607371294457931 0.677274182541933
0.598433395398501 0.67282108796318
0.590466066193557 0.666801449121721
0.583741860585991 0.659419324046137
0.578492128460584 0.650924982733146
0.57489824876843 0.641608000172449
0.573077540343605 0.631788324498181
0.57311766744812 0.62180274395348
0.574996054540947 0.611995492806465
0.578657502881035 0.602705473735295
0.583976697397381 0.594254953518169
0.590772223279655 0.586937992383185
0.598807538634322 0.581010156488748
0.607805016727133 0.576676493614061
0.617453571381325 0.574099598034194
0.627409944699253 0.57336174578346
0.637330734204548 0.574484946370316
0.64686586550496 0.577458677496558
0.65567883217254 0.582153043003656
0.663457878485668 0.588413311768871
0.669926776062714 0.596019701623473
0.674854791051966 0.604702729199512
0.678065481059083 0.614158189922971
0.679442594481626 0.624051774611546
0.678935150129015 0.634021882748031
0.676559351590504 0.643718136006999
0.672398267383095 0.652795682173669
0.666599695439023 0.660924322001989
0.659370145166286 0.667811527092933
0.650968921192919 0.673207722788719
0.641699020339896 0.676916468963312
0.631893155529671 0.67880167414631
0.621908378328093 0.678793174817404
0.612106881116017 0.676889398608057
0.60284572781131 0.673157614465562
0.594463548756931 0.667732275799815
0.587268041716851 0.660809931767331
0.581524010037676 0.652642962875135
0.577461099678091 0.64352984910699
0.575179822914418 0.633805306147449
0.574817004853098 0.623827372683999
0.576395997044297 0.613964608742575
0.579785508099021 0.604582189551709
0.584936428755702 0.596028998251565
0.59163373861422 0.588623869492686
0.599629334949032 0.582644081285566
0.608626060392807 0.578314229772311
0.618287501427193 0.575798163208363
0.628254157087083 0.57519201275272
0.638136190343721 0.576520534699219
0.647588535401404 0.579735581410975
0.656240727821076 0.584717655340727
0.663764844923854 0.591280580427248
0.669888355126156 0.599176960470349
0.674351862248391 0.608108326747805
0.676995123808012 0.617736256077167
0.67772321116133 0.62769413740921
0.676487389091888 0.637602105703435
0.673351996069573 0.647080910145953
0.668428794019956 0.655766692886181
0.661905275251128 0.663324699731102
0.654031254677482 0.669462819881976
0.645109087152363 0.673942833457399
0.635482320835816 0.676589815964297
0.625524677776664 0.677299500148494
0.61561955548884 0.676042316407136
0.606155143097547 0.672865224734911
0.597499248251799 0.667890201442521
0.589991319175993 0.661296343935083
0.583925999483779 0.653379528850841
0.579542810280745 0.644409554921548
0.577015505027465 0.634751067818615
0.576445440325257 0.624784789327678
0.577856841078514 0.614900741688374
0.581196161137041 0.605492319557728
0.586332964400763 0.596931929765687
0.593059537285124 0.589560033089317
0.601125103693327 0.583670836709261
