-3.14159265358979 0.194719344817196 -1.22460635382238E-16
-3.07812613533545 0.146247997320087 -0.0634239196565648
-3.01465961708111 0.102738773127289 -0.126592453573749
-2.95119309882678 0.0638499795355724 -0.18925124436041
-2.88772658057244 0.0292499056035211 -0.251147987181079
-2.8242600623181 -0.00138178859345012 -0.312033445698487
-2.76079354406376 -0.028352940132108 -0.371662455660328
-2.69732702580942 -0.051957993194464 -0.429794912089172
-2.63386050755508 -0.0724773337143508 -0.486196736100469
-2.57039398930074 -0.0901768305975025 -0.540640817455598
-2.5069274710464 -0.105307564756602 -0.59290792905464
-2.44346095279206 -0.118105726921132 -0.642787609686539
-2.37999443453772 -0.128792665220279 -0.690079011482112
-2.31652791628338 -0.137575063857035 -0.734591708657533
-2.25306139802904 -0.144645234753789 -0.776146464291757
-2.1895948797747 -0.150181504815016 -0.814575952050336
-2.12612836152037 -0.154348682383061 -0.849725429949514
-2.06266184326603 -0.15729858752212 -0.881453363447582
-1.99919532501169 -0.159170631918953 -0.909631995354518
-1.93572880675735 -0.160092435405118 -0.934147860265107
-1.87226228850301 -0.160180467355836 -0.954902241444074
-1.80879577024867 -0.159540702479399 -0.971811568323542
-1.74532925199433 -0.158269281756014 -0.984807753012208
-1.68186273373999 -0.156453170497141 -0.993838464461254
-1.61839621548565 -0.154170806659805 -0.998867339183008
-1.55492969723131 -0.151492733652389 -0.999874127673875
-1.49146317897697 -0.148482212899231 -0.996854775951942
-1.42799666072263 -0.145195812383847 -0.989821441880933
-1.36453014246829 -0.141683968260196 -0.978802446214779
-1.30106362421395 -0.137991517405668 -0.963842158559942
-1.23759710595962 -0.134158199487989 -0.945000818714668
-1.17413058770528 -0.130219127732148 -0.922354294104581
-1.11066406945094 -0.126205228105378 -0.895993774291336
-1.0471975511966 -0.122143647091838 -0.866025403784438
-0.983731032942258 -0.118058128608593 -0.832569854634771
-0.920264514687919 -0.113969360925931 -0.795761840530832
-0.85679799643358 -0.109895294703725 -0.755749574354258
-0.79333147817924 -0.105851433447361 -0.712694171378863
-0.729864959924901 -0.101851097827699 -0.666769000516292
-0.666398441670562 -0.0979056654056918 -0.618158986220605
-0.602931923416223 -0.0940247873593564 -0.567059863862771
-0.539465405161883 -0.090216583834478 -0.513677391573406
-0.475998886907544 -0.0864878195359059 -0.45822652172741
-0.412532368653205 -0.0828440611485106 -0.400930535406614
-0.349065850398866 -0.0792898181302631 -0.342020143325669
-0.285599332144526 -0.0758286683585488 -0.28173255684143
-0.222132813890187 -0.0724633700383473 -0.220310532786541
-0.158666295635848 -0.0691959612004778 -0.15800139597335
-0.0951997773815085 -0.0660278480325119 -0.0950560433041823
-0.0317332591271695 -0.0629598831965354 -0.0317279334980675
0.03173325912717 -0.0599924351987078 0.031727933498068
0.095199777381509 -0.0571254497871536 0.0950560433041828
0.158666295635848 -0.0543585042684459 0.15800139597335
0.222132813890187 -0.0516908555498599 0.220310532786541
0.285599332144527 -0.0491214826354577 0.28173255684143
0.349065850398866 -0.046649124229485 0.342020143325669
0.412532368653205 -0.0442723120308898 0.400930535406614
0.475998886907544 -0.0419894002382228 0.45822652172741
0.539465405161884 -0.0397985917248305 0.513677391573407
0.602931923416223 -0.0376979612900626 0.567059863862771
0.666398441670562 -0.0356854763430773 0.618158986220605
0.729864959924901 -0.033759015331539 0.666769000516292
0.793331478179241 -0.03191638418783 0.712694171378863
0.85679799643358 -0.0301553310300598 0.755749574354258
0.920264514687919 -0.0284735593238555 0.795761840530832
0.983731032942258 -0.0268687396833395 0.832569854634771
1.0471975511966 -0.0253385204655267 0.866025403784439
1.11066406945094 -0.0238805372913003 0.895993774291336
1.17413058770528 -0.0224924216078286 0.922354294104581
1.23759710595962 -0.021171808391495 0.945000818714668
1.30106362421396 -0.0199163430768347 0.963842158559942
1.36453014246829 -0.0187236877853616 0.978802446214779
1.42799666072263 -0.0175915269182736 0.989821441880933
1.49146317897697 -0.0165175721686403 0.996854775951942
1.55492969723131 -0.0154995670015947 0.999874127673875
1.61839621548565 -0.0145352906450916 0.998867339183008
1.68186273373999 -0.0136225616288034 0.993838464461254
1.74532925199433 -0.0127592409045543 0.984807753012208
1.80879577024867 -0.0119432345782151 0.971811568323542
1.87226228850301 -0.0111724962800906 0.954902241444074
1.93572880675735 -0.0104450291984281 0.934147860265107
1.99919532501169 -0.00975888779867477 0.909631995354518
2.06266184326603 -0.00911217924944491 0.881453363447582
2.12612836152037 -0.00850306457476142 0.849725429949514
2.1895948797747 -0.00792975955095748 0.814575952050336
2.25306139802904 -0.00739053536562093 0.776146464291756
2.31652791628338 -0.00688371905509801 0.734591708657533
2.37999443453772 -0.00640769373631427 0.690079011482112
2.44346095279206 -0.00596089864799376 0.642787609686539
2.5069274710464 -0.00554182901574311 0.59290792905464
2.57039398930074 -0.00514903575489662 0.540640817455597
2.63386050755508 -0.00478112502448194 0.486196736100469
2.69732702580942 -0.00443675764514995 0.429794912089172
2.76079354406376 -0.00411464839341233 0.371662455660327
2.8242600623181 -0.0038135651840376 0.312033445698487
2.88772658057244 -0.00353232815196952 0.251147987181079
2.95119309882678 -0.00326980864464608 0.18925124436041
3.01465961708112 -0.00302492813511238 0.126592453573749
3.07812613533545 -0.00279665706583517 0.0634239196565644
3.14159265358979 -0.00258401363264099 1.22460635382238E-16
