6.85840734641021 0.54402111088937
7.18910130994597 0.786990626644185
7.51979527348174 0.944677496584345
7.85048923701751 0.999993901587946
8.18118320055328 0.946945450850389
8.51187716408904 0.791280767140613
8.84257112762481 0.549868534325003
9.17326509116058 0.248869513725878
9.50395905469635 -0.0790983802938272
9.83465301823212 -0.398494737470868
10.1653469817679 -0.674708006560004
10.4960409453037 -0.877806193964964
10.8267349088394 -0.985780459687346
11.1574288723752 -0.986930116642774
11.488122835911 -0.881130581661363
11.8188167994467 -0.679846876007278
12.1495107629825 -0.404891212426631
12.4802047265183 -0.0860593034450863
12.810898690054 0.242098466412412
13.1415926535898 0.54402111088937
