6.85840734641021 0.543633189498888
6.92187386466455 0.593157475222232
6.98534038291889 0.640485120360043
7.04880690117322 0.685446710016255
7.11227341942756 0.72787663339811
7.1757399376819 0.767614064253302
7.23920645593624 0.804503949363746
7.30267297419058 0.838397998333514
7.36613949244492 0.869155667644884
7.42960601069926 0.896645131747676
7.4930725289536 0.920744233797266
7.55653904720794 0.941341408569432
7.62000556546228 0.958336570058728
7.68347208371662 0.971641956313414
7.74693860197096 0.981182924176322
7.8104051202253 0.986898686787939
7.87387163847963 0.988742986965969
7.93733815673397 0.986684699904025
8.00080467498831 0.980708359029521
8.06427119324265 0.970814599325186
8.12773771149699 0.957020512946891
8.19120422975133 0.939359912558861
8.25467074800567 0.917883498451416
8.31813726626001 0.892658926200777
8.38160378451435 0.863770772369332
8.44507030276869 0.83132039652147
8.50853682102303 0.795425698637596
8.57200333927737 0.756220771839621
8.63546985753171 0.713855451187006
8.69893637578605 0.668494760155264
8.76240289404038 0.620318257259831
8.82586941229472 0.569519286129151
8.88933593054906 0.516304133152722
8.9528024488034 0.46089109762448
9.01626896705774 0.403509480060646
9.07973548531208 0.34439849508618
9.14320200356642 0.283806115947681
9.20666852182076 0.221987858315464
9.2701350400751 0.159205511577692
9.33360155832944 0.0957258262983315
9.39706807658378 0.0318191669037137
9.46053459483812 -0.0322418610249621
9.52400111309246 -0.0961837992470827
9.5874676313468 -0.159733731397475
9.65093414960113 -0.222620673757583
9.71440066785547 -0.284576952493785
9.77786718610981 -0.345339557715787
9.84133370436415 -0.404651464916846
9.90480022261849 -0.462262914650895
9.96826674087283 -0.517932641676225
10.0317332591272 -0.571429045247077
10.0951997773815 -0.622531292758482
10.1586662956358 -0.671030349540078
10.2221328138902 -0.716729928245256
10.2855993321445 -0.75944735198568
10.3490658503989 -0.799014326110534
10.4125323686532 -0.835277614316808
10.4759988869075 -0.868099615593289
10.5394654051619 -0.897358839338156
10.6029319234162 -0.922950276839533
10.6663984416706 -0.944785668161543
10.7298649599249 -0.962793664326536
10.7933314781792 -0.976919885519158
10.8567979964336 -0.987126876851482
10.9202645146879 -0.993393964013009
10.9837310329423 -0.995717011877612
11.0471975511966 -0.994108089844837
11.1106640694509 -0.98859504834924
11.1741305877053 -0.979221011573278
11.2375971059596 -0.966043791941888
11.301063624214 -0.949135232456446
11.3645301424683 -0.928580483339062
11.4279966607226 -0.904477219802755
11.491463178977 -0.876934808037593
11.5549296972313 -0.846073426706296
11.6183962154857 -0.812023151375581
11.68186273374 -0.774923009372027
11.7453292519943 -0.734920012545432
11.8087957702487 -0.692168175350434
11.872262288503 -0.646827525521681
11.9357288067573 -0.599063114422517
11.9991953250117 -0.54904403389581
12.062661843266 -0.496942446143109
12.1261283615204 -0.442932632809014
12.1895948797747 -0.387190069057369
12.253061398029 -0.329890527999494
12.3165279162834 -0.2712092203781
12.3799944345377 -0.211319973929477
12.4434609527921 -0.150394456346504
12.5069274710464 -0.088601445252204
12.5703939893007 -0.0261061480728371
12.6338605075551 0.0369304258228404
12.6973270258094 0.100352038871035
12.7607935440638 0.164007743611244
12.8242600623181 0.227752344698189
12.8877265805724 0.291446804271724
12.9511930988268 0.354958590789757
13.0146596170811 0.418161971865784
13.0781261353355 0.480938252061627
13.1415926535898 0.543175956965267
