0 1
0.00628632847141529 0.998105420818817
0.0125726569428306 0.996210609594316
0.0188589854142459 0.994315334283176
0.0251453138856612 0.99241936284208
0.0314316423570765 0.990522463227708
0.0377179708284918 0.988624403396741
0.0440042992999071 0.98672495130586
0.0502906277713224 0.984823874911747
0.0565769562427376 0.982920942171082
0.0628632847141529 0.981015921040546
0.0691496131855682 0.979108579476821
0.0754359416569835 0.977198685436587
0.0817222701283988 0.975286006876525
0.0880085985998141 0.973370311753318
0.0942949270712294 0.971451368023645
0.100581255542645 0.969528943644187
0.10686758401406 0.967602806571626
0.113153912485475 0.965672724762643
0.119440240956891 0.963738466173918
0.125726569428306 0.961799798762134
0.132012897899721 0.95985649048397
0.138299226371136 0.957908309296108
0.144585554842552 0.955955023155229
0.150871883313967 0.953996400018014
0.157158211785382 0.952032207841144
0.163444540256798 0.950062214581299
0.169730868728213 0.948086188195162
0.176017197199628 0.946103896639414
0.182303525671044 0.944115107870734
0.188589854142459 0.942119589845804
0.194876182613874 0.940117110521306
0.201162511085289 0.93810743785392
0.207448839556705 0.936090339800328
0.21373516802812 0.934065584317209
0.220021496499535 0.932032939361246
0.226307824970951 0.92999217288912
0.232594153442366 0.927943052857511
0.238880481913781 0.925885347223101
0.245166810385196 0.92381882394257
0.251453138856612 0.9217432509726
0.257739467328027 0.919658396269871
0.264025795799442 0.917564027791065
0.270312124270858 0.915459913492863
0.276598452742273 0.913345821331946
0.282884781213688 0.911221519264995
0.289171109685104 0.90908677524869
0.295457438156519 0.906941357239713
0.301743766627934 0.904785033194746
0.308030095099349 0.902617571070468
0.314316423570765 0.900438738823562
0.32060275204218 0.898248304410707
0.326889080513595 0.896046035788585
0.333175408985011 0.893831700913878
0.339461737456426 0.891605067743266
0.345748065927841 0.88936590423343
0.352034394399256 0.887113978341052
0.358320722870672 0.884849058022811
0.364607051342087 0.88257091123539
0.370893379813502 0.88027930593547
0.377179708284918 0.877974010079731
0.383466036756333 0.875654791624854
0.389752365227748 0.873321418527522
0.396038693699164 0.870973658744413
0.402325022170579 0.86861128023221
0.408611350641994 0.866234050947594
0.414897679113409 0.863841738847246
0.421184007584825 0.861434111887846
0.42747033605624 0.859010938026076
0.433756664527655 0.856571985218617
0.440042992999071 0.85411702142215
0.446329321470486 0.851645814593356
0.452615649941901 0.849158132688915
0.458901978413316 0.84665374366551
0.465188306884732 0.844132415479821
0.471474635356147 0.841593916088528
0.477760963827562 0.839038013448314
0.484047292298978 0.836464475515859
0.490333620770393 0.833873070247845
0.496619949241808 0.831263565600951
0.502906277713223 0.82863572953186
0.509192606184639 0.825989329997252
0.515478934656054 0.823324134953808
0.521765263127469 0.82063991235821
0.528051591598885 0.817936430167139
0.5343379200703 0.815213456337274
0.540624248541715 0.812470758825299
0.546910577013131 0.809708105587893
0.553196905484546 0.806925264581737
0.559483233955961 0.804122003763513
0.565769562427376 0.801298091089902
0.572055890898792 0.798453294517585
0.578342219370207 0.795587382003242
0.584628547841622 0.792700121503556
0.590914876313038 0.789791280975206
0.597201204784453 0.786860628374874
0.603487533255868 0.783907931659241
0.609773861727284 0.780932958784988
0.616060190198699 0.777935477708796
0.622346518670114 0.774915256387346
0.628632847141529 0.771872062777319
0.634919175612945 0.768805664835396
0.64120550408436 0.765715830518259
0.647491832555775 0.762602327782588
0.653778161027191 0.759464924585064
0.660064489498606 0.756303388882368
0.666350817970021 0.753117488631182
0.672637146441436 0.749906991788186
0.678923474912852 0.746671666310061
0.685209803384267 0.743411280153489
0.691496131855682 0.740125601275151
0.697782460327098 0.736814397631727
0.704068788798513 0.733477437179899
0.710355117269928 0.730114487876348
0.716641445741343 0.726725317677754
0.722927774212759 0.723309694540799
0.729214102684174 0.719867386422163
0.735500431155589 0.716398161278529
0.741786759627005 0.712901787066576
0.74807308809842 0.709378031742986
0.754359416569835 0.705826663264441
0.760645745041251 0.70224744958762
0.766932073512666 0.698640158669205
0.773218401984081 0.695004558465877
0.779504730455496 0.691340416934318
0.785791058926912 0.687647502031207
0.792077387398327 0.683925581713227
0.798363715869742 0.680174423937058
0.804650044341158 0.676393796659381
0.810936372812573 0.672583467836878
0.817222701283988 0.668743205426229
0.823509029755404 0.664872777384115
0.829795358226819 0.660971951667218
0.836081686698234 0.657040496232218
0.842368015169649 0.653078179035797
0.848654343641065 0.649084768034636
0.85494067211248 0.645060031185415
0.861227000583895 0.641003736444815
0.867513329055311 0.636915651769519
0.873799657526726 0.632795545116206
0.880085985998141 0.628643184441558
0.886372314469556 0.624458337702255
0.892658642940972 0.62024077285498
0.898944971412387 0.615990257856412
0.905231299883802 0.611706560663234
0.911517628355218 0.607389449232125
0.917803956826633 0.603038691519767
0.924090285298048 0.598654055482842
0.930376613769463 0.594235309078029
0.936662942240879 0.589782220262011
0.942949270712294 0.585294556991468
0.949235599183709 0.580772087223081
0.955521927655125 0.576214578913532
0.96180825612654 0.5716218000195
0.968094584597955 0.566993519690646
0.974380913069371 0.562329683283849
0.980667241540786 0.557630597009645
0.986953570012201 0.552896611262928
0.993239898483616 0.548128076438591
0.999526226955032 0.54332534293153
1.00581255542645 0.538488761136637
1.01209888389786 0.533618681448808
1.01838521236928 0.528715454262935
1.02467154084069 0.523779429973913
1.03095786931211 0.518810958976637
1.03724419778352 0.513810391665999
1.04353052625494 0.508778078436895
1.04981685472635 0.503714369684217
1.05610318319777 0.498619615802861
1.06238951166918 0.49349416718772
1.0686758401406 0.488338374233688
1.07496216861202 0.48315258733566
1.08124849708343 0.477937156888529
1.08753482555485 0.472692433287189
1.09382115402626 0.467418766926534
1.10010748249768 0.462116508201459
1.10639381096909 0.456786007506858
1.11268013944051 0.451427615237623
1.11896646791192 0.44604168178865
1.12525279638334 0.440628557554833
1.13153912485475 0.435188592931065
1.13782545332617 0.42972213831224
1.14411178179758 0.424229544093254
1.150398110269 0.418711160668999
1.15668443874041 0.413167338434369
1.16297076721183 0.407598427784259
1.16925709568324 0.402004779113563
1.17554342415466 0.396386742817175
1.18182975262608 0.390744669289988
1.18811608109749 0.385078908926897
1.19440240956891 0.379389812122795
1.20068873804032 0.373677729272578
1.20697506651174 0.367943010771139
1.21326139498315 0.362186007013371
1.21954772345457 0.356407068394169
1.22583405192598 0.350606545308428
1.2321203803974 0.34478478815104
1.23840670886881 0.3389421473169
1.24469303734023 0.333078973200903
1.25097936581164 0.327195616197941
1.25726569428306 0.32129242670291
1.26355202275447 0.315369755110702
1.26983835122589 0.309427951816213
1.2761246796973 0.303467367214336
1.28241100816872 0.297488351699965
1.28869733664014 0.291491255667995
1.29498366511155 0.285476429513318
1.30126999358297 0.27944422363083
1.30755632205438 0.273394988415425
1.3138426505258 0.267329074261995
1.32012897899721 0.261246831565436
1.32641530746863 0.255148610720642
1.33270163594004 0.249034762122506
1.33898796441146 0.242905636165922
1.34527429288287 0.236761583245785
1.35156062135429 0.230602953756989
1.3578469498257 0.224430098094426
1.36413327829712 0.218243366652993
1.37041960676853 0.212043109827582
1.37670593523995 0.205829678013088
1.38299226371136 0.199603421604405
1.38927859218278 0.193364690996426
1.3955649206542 0.187113836584046
1.40185124912561 0.180851208762159
1.40813757759703 0.174577157925659
1.41442390606844 0.168292034469439
1.42071023453986 0.161996188788394
1.42699656301127 0.155689971277418
1.43328289148269 0.149373732331406
1.4395692199541 0.143047822345249
1.44585554842552 0.136712591713845
1.45214187689693 0.130368390832084
1.45842820536835 0.124015570094864
1.46471453383976 0.117654479897076
1.47100086231118 0.111285470633615
1.47728719078259 0.104908892699375
1.48357351925401 0.0985250964892505
1.48985984772542 0.0921344323981352
1.49614617619684 0.0857372508209229
1.50243250466826 0.0793339021525081
1.50871883313967 0.0729247367877843
1.51500516161109 0.066510105121646
1.5212914900825 0.0600903575489868
1.52757781855392 0.0536658444647012
1.53386414702533 0.0472369162636828
1.54015047549675 0.0408039233408261
1.54643680396816 0.0343672160910247
1.55272313243958 0.0279271449091726
1.55900946091099 0.0214840601901641
1.56529578938241 0.0150383123288931
1.57158211785382 0.00859025172025375
1.57786844632524 0.00214022875913983
1.58415477479665 -0.00431140615955426
1.59044110326807 -0.0107643026409349
1.59672743173948 -0.0172181102901077
1.6030137602109 -0.023672478712179
1.60930008868232 -0.0301270575122544
1.61558641715373 -0.03658149629544
1.62187274562515 -0.043035444666842
1.62815907409656 -0.0494885522315659
1.63444540256798 -0.0559404685947183
1.64073173103939 -0.0623908433614045
1.64701805951081 -0.0688393261367311
1.65330438798222 -0.0752855665258035
1.65959071645364 -0.0817292141337281
1.66587704492505 -0.0881699185656106
1.67216337339647 -0.0946073294265573
1.67844970186788 -0.101041096321674
1.6847360303393 -0.107470868856066
1.69102235881071 -0.11389629663484
1.69730868728213 -0.120317029263102
1.70359501575354 -0.126732716345958
1.70988134422496 -0.133143007488514
1.71616767269638 -0.139547552295876
1.72245400116779 -0.145946000373149
1.72874032963921 -0.15233800132544
1.73502665811062 -0.158723204757854
1.74131298658204 -0.165101260275499
1.74759931505345 -0.171471817483479
1.75388564352487 -0.1778345259869
1.76017197199628 -0.184189035390869
1.7664583004677 -0.190534995300492
1.77274462893911 -0.196872055320874
1.77903095741053 -0.203199865057122
1.78531728588194 -0.209518074114341
1.79160361435336 -0.215826332097637
1.79788994282477 -0.222124288612117
1.80417627129619 -0.228411593262886
1.8104625997676 -0.234687895655051
1.81674892823902 -0.240952845393717
1.82303525671044 -0.24720609208399
1.82932158518185 -0.253447285330977
1.83560791365327 -0.259676074739782
1.84189424212468 -0.265892109915513
1.8481805705961 -0.272095040463275
1.85446689906751 -0.278284515988174
1.86075322753893 -0.284460186095316
1.86703955601034 -0.290621700389808
1.87332588448176 -0.296768708476754
1.87961221295317 -0.302900859961261
1.88589854142459 -0.309017804448435
1.892184869896 -0.315119191543383
1.89847119836742 -0.321204670851209
1.90475752683883 -0.32727389197702
1.91104385531025 -0.333326504525922
1.91733018378166 -0.33936215810302
1.92361651225308 -0.345380502313422
1.9299028407245 -0.351381186762233
1.93618916919591 -0.357363864406995
1.94247549766733 -0.36332828125093
1.94876182613874 -0.369274286167436
1.95504815461016 -0.375201733353461
1.96133448308157 -0.381110477005951
1.96762081155299 -0.387000371321853
1.9739071400244 -0.392871270498115
1.98019346849582 -0.398723028731683
1.98647979696723 -0.404555500219505
1.99276612543865 -0.410368539158528
1.99905245391006 -0.416161999745699
2.00533878238148 -0.421935736177964
2.01162511085289 -0.427689602652271
2.01791143932431 -0.433423453365566
2.02419776779572 -0.439137142514798
2.03048409626714 -0.444830524296913
2.03677042473856 -0.450503452908857
2.04305675320997 -0.456155782547579
2.04934308168139 -0.461787367410024
2.0556294101528 -0.467398061693142
2.06191573862422 -0.472987719593876
2.06820206709563 -0.478556195309176
2.07448839556705 -0.484103343035989
2.08077472403846 -0.489629016971261
2.08706105250988 -0.495133071311938
2.09334738098129 -0.50061536025497
2.09963370945271 -0.506075737997301
2.10592003792412 -0.511514058735881
2.11220636639554 -0.516930176667655
2.11849269486695 -0.52232394598957
2.12477902333837 -0.527695220898574
2.13106535180978 -0.533043855591613
2.1373516802812 -0.538369704265636
2.14363800875262 -0.543672621117588
2.14992433722403 -0.548952460344416
2.15621066569545 -0.554209076143069
2.16249699416686 -0.559442322710493
2.16878332263828 -0.564652054243634
2.17506965110969 -0.56983812493944
2.18135597958111 -0.575000388994859
2.18764230805252 -0.580138700606836
2.19392863652394 -0.58525291397232
2.20021496499535 -0.590342883288257
2.20650129346677 -0.595408462751593
2.21278762193818 -0.600449506559277
2.2190739504096 -0.605465868908256
2.22536027888101 -0.610457403995476
2.23164660735243 -0.615423966017884
2.23793293582384 -0.620365409172427
2.24421926429526 -0.625281587656054
2.25050559276668 -0.630172355665709
2.25679192123809 -0.635037567398341
2.26307824970951 -0.639877077050897
2.26936457818092 -0.644690738820323
2.27565090665234 -0.649478406903567
2.28193723512375 -0.654239935497576
2.28822356359517 -0.658975178799296
2.29450989206658 -0.663683991005676
2.300796220538 -0.668366226313661
2.30708254900941 -0.673021738920199
2.31336887748083 -0.677650383022237
2.31965520595224 -0.682252012816722
2.32594153442366 -0.686826482500602
2.33222786289507 -0.691373646270822
2.33851419136649 -0.69589335832433
2.3448005198379 -0.700385472858074
2.35108684830932 -0.704849844068999
2.35737317678074 -0.709286326154055
2.36365950525215 -0.713694773310186
2.36994583372357 -0.718075039734341
2.37623216219498 -0.722426979623466
2.3825184906664 -0.726750447174509
2.38880481913781 -0.731045296584416
2.39509114760923 -0.735311382050135
2.40137747608064 -0.739548557768612
2.40766380455206 -0.743756677936795
2.41395013302347 -0.747935596751631
2.42023646149489 -0.752085168410066
2.4265227899663 -0.756205247109048
2.43280911843772 -0.760295687045524
2.43909544690913 -0.764356342416441
2.44538177538055 -0.768387067418746
2.45166810385196 -0.772387716249386
2.45795443232338 -0.776358143105307
2.4642407607948 -0.780298202183458
2.47052708926621 -0.784207747680785
2.47681341773763 -0.788086633794235
2.48309974620904 -0.791934714720755
2.48938607468046 -0.795751844657293
2.49567240315187 -0.799537877800794
2.50195873162329 -0.803292668348208
2.5082450600947 -0.807016070496479
2.51453138856612 -0.810707938442556
2.52081771703753 -0.814368126383385
2.52710404550895 -0.817996488515914
2.53339037398036 -0.821592879037089
2.53967670245178 -0.825157152143858
2.54596303092319 -0.828689162033168
2.55224935939461 -0.832188762901965
2.55853568786602 -0.835655808947197
2.56482201633744 -0.83909015436581
2.57110834480886 -0.842491653354753
2.57739467328027 -0.845860160110971
2.58368100175169 -0.849195528831413
2.5899673302231 -0.852497613713024
2.59625365869452 -0.855766268952752
2.60253998716593 -0.859001348747544
2.60882631563735 -0.862202707294348
2.61511264410876 -0.865370198790109
2.62139897258018 -0.868503677431776
2.62768530105159 -0.871602997416295
2.63397162952301 -0.874668012940613
2.64025795799442 -0.877698578201678
2.64654428646584 -0.880694547396435
2.65283061493725 -0.883655774721834
2.65911694340867 -0.886582114374819
2.66540327188008 -0.88947342055234
2.6716896003515 -0.892329547451341
2.67797592882292 -0.895150349268772
2.68426225729433 -0.897935680201578
2.69054858576575 -0.900685394446706
2.69683491423716 -0.903399346201105
2.70312124270858 -0.90607738966172
2.70940757117999 -0.908719379025499
2.71569389965141 -0.911325168489389
2.72198022812282 -0.913894612250337
2.72826655659424 -0.916427564505289
2.73455288506565 -0.918923879451194
2.74083921353707 -0.921383411284998
2.74712554200848 -0.923806014203648
2.7534118704799 -0.92619154240409
2.75969819895131 -0.928539850083273
2.76598452742273 -0.930850791438144
2.77227085589414 -0.933124220665648
2.77855718436556 -0.935359991962734
2.78484351283698 -0.937557959526348
2.79112984130839 -0.939717977553438
2.79741616977981 -0.94183990024095
2.80370249825122 -0.943923581785832
2.80998882672264 -0.94596887638503
2.81627515519405 -0.947975638235492
2.82256148366547 -0.949943721534164
2.82884781213688 -0.951872980477994
2.8351341406083 -0.953763269263929
2.84142046907971 -0.955614442088915
2.84770679755113 -0.957426353149901
2.85399312602254 -0.959198856643832
2.86027945449396 -0.960931806767656
2.86656578296537 -0.96262505771832
2.87285211143679 -0.964278463692771
2.8791384399082 -0.965891878887956
2.88542476837962 -0.967465157500822
2.89171109685104 -0.968998153728317
2.89799742532245 -0.970490721767386
2.90428375379387 -0.971942726918242
2.91057008226528 -0.973354152245756
2.9168564107367 -0.974725051744704
2.92314273920811 -0.976055480384637
2.92942906767953 -0.977345493135103
2.93571539615094 -0.978595144965651
2.94200172462236 -0.979804490845829
2.94828805309377 -0.980973585745188
2.95457438156519 -0.982102484633275
2.9608607100366 -0.98319124247964
2.96714703850802 -0.984239914253833
2.97343336697943 -0.985248554925401
2.97971969545085 -0.986217219463894
2.98600602392226 -0.987145962838861
2.99229235239368 -0.98803484001985
2.9985786808651 -0.988883905976412
3.00486500933651 -0.989693215678094
3.01115133780793 -0.990462824094446
3.01743766627934 -0.991192786195017
3.02372399475076 -0.991883156949356
3.03001032322217 -0.992533991327011
3.03629665169359 -0.993145344297532
3.042582980165 -0.993717270830468
3.04886930863642 -0.994249825895368
3.05515563710783 -0.99474306446178
3.06144196557925 -0.995197041499254
3.06772829405066 -0.995611811977339
3.07401462252208 -0.995987430865583
3.08030095099349 -0.996323953133536
3.08658727946491 -0.996621433750747
3.09287360793632 -0.996879927686764
3.09915993640774 -0.997099489911138
3.10544626487916 -0.997280175393415
3.11173259335057 -0.997422039103147
3.11801892182199 -0.997525136009881
3.1243052502934 -0.997589521083166
3.13059157876482 -0.997615249292552
3.13687790723623 -0.997602375607588
3.14316423570765 -0.997550954997822
3.14945056417906 -0.997461042432803
3.15573689265048 -0.997332692882082
3.16202322112189 -0.997165961315205
3.16830954959331 -0.996960902701724
3.17459587806472 -0.996717572011185
3.18088220653614 -0.996436024213139
3.18716853500755 -0.996116314277135
3.19345486347897 -0.995758497172721
3.19974119195038 -0.995362627869447
3.2060275204218 -0.994928761336861
3.21231384889322 -0.994456952544512
3.21860017736463 -0.99394725646195
3.22488650583605 -0.993399728058724
3.23117283430746 -0.992814422304381
3.23745916277888 -0.992191394168472
3.24374549125029 -0.991530698620546
3.25003181972171 -0.99083239063015
3.25631814819312 -0.990096525166835
3.26260447666454 -0.98932315720015
3.26889080513595 -0.988512341699642
3.27517713360737 -0.987664133634862
3.28146346207878 -0.986778587975359
3.2877497905502 -0.98585575969068
3.29403611902161 -0.984895703750376
3.30032244749303 -0.983898475123995
3.30660877596444 -0.982864128781086
3.31289510443586 -0.981792719691199
3.31918143290728 -0.980684302823882
3.32546776137869 -0.979538933148683
3.33175408985011 -0.978356665635154
3.33804041832152 -0.977137555252841
3.34432674679294 -0.975881656971295
3.35061307526435 -0.974589025760063
3.35689940373577 -0.973259716588696
3.36318573220718 -0.971893784426742
3.3694720606786 -0.97049128424375
3.37575838915001 -0.969052271009269
3.38204471762143 -0.967576799692849
3.38833104609284 -0.966064925264037
3.39461737456426 -0.964516702692384
3.40090370303567 -0.962932186947437
3.40719003150709 -0.961311432998747
3.4134763599785 -0.959654495815861
3.41976268844992 -0.95796143036833
3.42604901692134 -0.956232291625701
3.43233534539275 -0.954467134557525
3.43862167386417 -0.95266601413335
3.44490800233558 -0.950828985322724
3.451194330807 -0.948956103095198
3.45748065927841 -0.947047422420319
3.46376698774983 -0.945102998267638
3.47005331622124 -0.943122885606702
3.47633964469266 -0.941107139407062
3.48262597316407 -0.939055814638265
3.48891230163549 -0.936968966269861
3.4951986301069 -0.934846649271399
3.50148495857832 -0.932688918612428
3.50777128704973 -0.930495829262497
3.51405761552115 -0.928267436191155
3.52034394399256 -0.92600379436795
3.52663027246398 -0.923704958762433
3.53291660093539 -0.92137098434415
3.53920292940681 -0.919001926082653
3.54548925787823 -0.91659783894749
3.55177558634964 -0.91415877790821
3.55806191482106 -0.911684797934361
3.56434824329247 -0.909175953995493
3.57063457176389 -0.906632301061154
3.5769209002353 -0.904053894100895
3.58320722870672 -0.901440788084263
3.58949355717813 -0.898793037980808
3.59577988564955 -0.896110698760079
3.60206621412096 -0.893393825391624
3.60835254259238 -0.890642472844993
3.61463887106379 -0.887856696089735
3.62092519953521 -0.885036550095398
3.62721152800662 -0.882182089831532
3.63349785647804 -0.879293370267685
3.63978418494946 -0.876370446373407
3.64607051342087 -0.873413373118247
3.65235684189229 -0.870422205471753
3.6586431703637 -0.867396998403475
3.66492949883512 -0.864337806882962
3.67121582730653 -0.861244685879762
3.67750215577795 -0.858117690363424
3.68378848424936 -0.854956875303498
3.69007481272078 -0.851762295669533
3.69636114119219 -0.848534006431077
3.70264746966361 -0.845272062557679
3.70893379813502 -0.841976519018889
3.71522012660644 -0.838647430784256
3.72150645507785 -0.835284852823328
3.72779278354927 -0.831888840105654
3.73407911202068 -0.828459447600784
3.7403654404921 -0.824996730278266
3.74665176896352 -0.82150074310765
3.75293809743493 -0.817971541058484
3.75922442590635 -0.814409179100318
3.76551075437776 -0.8108137122027
3.77179708284918 -0.807185195335179
3.77808341132059 -0.803523683467305
3.78436973979201 -0.799829231568625
3.79065606826342 -0.796101894608691
3.79694239673484 -0.792341727557049
3.80322872520625 -0.78854878538325
3.80951505367767 -0.784723123056842
3.81580138214908 -0.780864795547375
3.8220877106205 -0.776973857824396
3.82837403909191 -0.773050364857456
3.83466036756333 -0.769094371616104
3.84094669603474 -0.765105933069887
3.84723302450616 -0.761085104188355
3.85351935297758 -0.757031939941058
3.85980568144899 -0.752946495297544
3.86609200992041 -0.748828825227362
3.87237833839182 -0.744679009350945
3.87866466686324 -0.740497251584523
3.88495099533465 -0.736283794931958
3.89123732380607 -0.732038882411372
3.89752365227748 -0.727762757040891
3.9038099807489 -0.723455661838641
3.91009630922031 -0.719117839822744
3.91638263769173 -0.714749534011326
3.92266896616314 -0.710350987422512
3.92895529463456 -0.705922443074427
3.93524162310597 -0.701464143985195
3.94152795157739 -0.69697633317294
3.9478142800488 -0.692459253655788
3.95410060852022 -0.687913148451863
3.96038693699164 -0.683338260579291
3.96667326546305 -0.678734833056195
3.97295959393447 -0.6741031089007
3.97924592240588 -0.669443331130932
3.9855322508773 -0.664755742765014
3.99181857934871 -0.660040586821072
3.99810490782013 -0.65529810631723
4.00439123629154 -0.650528544271612
4.01067756476296 -0.645732143702344
4.01696389323437 -0.640909147627551
4.02325022170579 -0.636059799065357
4.0295365501772 -0.631184341033886
4.03582287864862 -0.626283016551264
4.04210920712003 -0.621356068635614
4.04839553559145 -0.616403740305063
4.05468186406286 -0.611426274577734
4.06096819253428 -0.606423914471752
4.06725452100569 -0.601396903005243
4.07354084947711 -0.59634548319633
4.07982717794853 -0.591269898063137
4.08611350641994 -0.586170390623792
4.09239983489136 -0.581047203896417
4.09868616336277 -0.575900580899137
4.10497249183419 -0.570730764650077
4.1112588203056 -0.565537998167362
4.11754514877702 -0.560322524469118
4.12383147724843 -0.555084586573466
4.13011780571985 -0.549824427498534
4.13640413419126 -0.544542290262446
4.14269046266268 -0.539238417883326
4.14897679113409 -0.533913053379299
4.15526311960551 -0.52856643976849
4.16154944807692 -0.523198820069023
4.16783577654834 -0.517810437299024
4.17412210501976 -0.512401534476616
4.18040843349117 -0.506972354619925
4.18669476196259 -0.501523140747075
4.192981090434 -0.49605413587619
4.19926741890542 -0.490565583025398
4.20555374737683 -0.485057725212819
4.21184007584825 -0.479530805456581
4.21812640431966 -0.473985066774809
4.22441273279108 -0.468420752185625
4.23069906126249 -0.462838104707156
4.23698538973391 -0.457237367357525
4.24327171820532 -0.451618783154858
4.24955804667674 -0.44598259511728
4.25584437514815 -0.440329046262914
4.26213070361957 -0.434658379609887
4.26841703209098 -0.428970838176321
4.2747033605624 -0.423266664980342
4.28098968903381 -0.417546103040077
4.28727601750523 -0.411809395373646
4.29356234597665 -0.406056784999177
4.29984867444806 -0.400288514934795
4.30613500291948 -0.394504828198622
4.31242133139089 -0.388705967808786
4.31870765986231 -0.382892176783409
4.32499398833372 -0.377063698140616
4.33128031680514 -0.371220774898534
4.33756664527655 -0.365363650075285
4.34385297374797 -0.359492566688996
4.35013930221938 -0.35360776775779
4.3564256306908 -0.347709496299791
4.36271195916221 -0.341797995333127
4.36899828763363 -0.335873507875919
4.37528461610504 -0.329936276946294
4.38157094457646 -0.323986545562377
4.38785727304788 -0.31802455674229
4.39414360151929 -0.312050553504161
4.40042992999071 -0.306064778866112
4.40671625846212 -0.300067475846269
4.41300258693354 -0.294058887462758
4.41928891540495 -0.288039256733701
4.42557524387637 -0.282008826677225
4.43186157234778 -0.275967840311452
4.4381479008192 -0.269916540654509
4.44443422929061 -0.263855170724521
4.45072055776203 -0.257783973539611
4.45700688623344 -0.251703192117904
4.46329321470486 -0.245613069477527
4.46957954317627 -0.239513848636602
4.47586587164769 -0.233405772613254
4.4821522001191 -0.227289084425609
4.48843852859052 -0.22116402709179
4.49472485706193 -0.215030843629924
4.50101118553335 -0.208889777058134
4.50729751400477 -0.202741070394545
4.51358384247618 -0.196584966657282
4.5198701709476 -0.190421708864469
4.52615649941901 -0.184251540034232
4.53244282789043 -0.178074703184694
4.53872915636184 -0.171891441333982
4.54501548483326 -0.165701997500218
4.55130181330467 -0.159506614701529
4.55758814177609 -0.153305535956039
4.5638744702475 -0.147099004281871
4.57016079871892 -0.140887262697152
4.57644712719033 -0.134670554220006
4.58273345566175 -0.128449121868557
4.58901978413316 -0.122223208660931
4.59530611260458 -0.115993057615251
4.601592441076 -0.109758911749643
4.60787876954741 -0.103521014082233
4.61416509801883 -0.0972796076311418
4.62045142649024 -0.0910349354144979
4.62673775496166 -0.0847872404504235
4.63302408343307 -0.0785367657570444
4.63931041190449 -0.0722837543524859
4.6455967403759 -0.0660284492548713
4.65188306884732 -0.0597710934823258
4.65816939731873 -0.0535119300529753
4.66445572579015 -0.0472512019849426
4.67074205426156 -0.0409891522963542
4.67702838273298 -0.034726024005333
4.68331471120439 -0.0284620601300046
4.68960103967581 -0.0221975036884946
4.69588736814722 -0.0159325976989259
4.70217369661864 -0.00966758517942504
4.70846002509006 -0.00340270914811486
4.71474635356147 0.00286178737687884
4.72103268203289 0.00912566137743072
4.7273190105043 0.0153886698354178
4.73360533897572 0.0216505697327144
4.73989166744713 0.027911118051195
4.74617799591855 0.0341700717727366
4.75246432438996 0.0404271878792129
4.75875065286138 0.0466822233525006
4.76503698133279 0.0529349351744745
4.77132330980421 0.0591850803270089
4.77760963827562 0.0654324157919809
4.78389596674704 0.0716766985512638
4.79018229521845 0.0779176855867347
4.79646862368987 0.0841551338802684
4.80275495216128 0.090388800413739
4.8090412806327 0.0966184421690236
4.81532760910412 0.102843816127997
4.82161393757553 0.109064679272532
4.82790026604695 0.115280788584508
4.83418659451836 0.12149190106471
4.84047292298978 0.127697781617124
4.84675925146119 0.133898215240604
4.85304557993261 0.140092990080629
4.85933190840402 0.146281894282676
4.86561823687544 0.152464715992222
4.87190456534685 0.158641243354745
4.87819089381827 0.164811264515722
4.88447722228968 0.170974567620629
4.8907635507611 0.177130940814946
4.89704987923251 0.183280172244148
4.90333620770393 0.189422050053713
4.90962253617534 0.195556362389119
4.91590886464676 0.201682897395843
4.92219519311818 0.207801443219362
4.92848152158959 0.213911788005154
4.93476785006101 0.220013719898695
4.94105417853242 0.226107027045463
4.94734050700384 0.232191497590936
4.95362683547525 0.238266919680591
4.95991316394667 0.244333081459905
4.96619949241808 0.250389771074355
4.9724858208895 0.25643677666942
4.97877214936091 0.262473886390575
4.98505847783233 0.268500888383299
4.99134480630374 0.274517570793068
4.99763113477516 0.280523721765361
5.00391746324657 0.286519129445654
5.01020379171799 0.292503581979425
5.0164901201894 0.298476867512151
5.02277644866082 0.304438774189309
5.02906277713223 0.310389090156377
5.03534910560365 0.316327603558832
5.04163543407507 0.322254102542152
5.04792176254648 0.328168375251813
5.0542080910179 0.334070209833294
5.06049441948931 0.33995939443207
5.06678074796073 0.34583571719362
5.07306707643214 0.351698966263422
5.07935340490356 0.357548929786951
5.08563973337497 0.363385395909687
5.09192606184639 0.369208152777106
5.0982123903178 0.375016988534684
5.10449871878922 0.380811691327901
5.11078504726063 0.386592049302232
5.11707137573205 0.392357850603156
5.12335770420346 0.39810888337615
5.12964403267488 0.40384493576669
5.1359303611463 0.409565795920255
5.14221668961771 0.41527125198232
5.14850301808913 0.420961092098366
5.15478934656054 0.426635104413868
5.16107567503196 0.432293077074302
5.16736200350337 0.437934798225149
5.17364833197479 0.443560056011883
5.1799346604462 0.449168638579983
5.18622098891762 0.454760334074926
5.19250731738903 0.460334930642189
5.19879364586045 0.46589221642725
5.20507997433186 0.471431979575586
5.21136630280328 0.476954008232673
5.21765263127469 0.48245809054399
5.22393895974611 0.487944014655014
5.23022528821752 0.493411568711223
5.23651161668894 0.498860540858093
5.24279794516035 0.504290719241101
5.24908427363177 0.509701892005727
5.25537060210319 0.515093847297446
5.2616569305746 0.520466373261735
5.26794325904602 0.525819258044072
5.27422958751743 0.531152289789935
5.28051591598885 0.536465256644801
5.28680224446026 0.541757946754147
5.29308857293168 0.54703014826345
5.29937490140309 0.552281649318189
5.30566122987451 0.557512238063839
5.31194755834592 0.562721702645879
5.31823388681734 0.567909831209786
5.32452021528875 0.573076411901036
5.33080654376017 0.578221232865109
5.33709287223158 0.58334408224748
5.343379200703 0.588444748193626
5.34966552917442 0.593523018849027
5.35595185764583 0.598578682359158
5.36223818611725 0.603611526869497
5.36852451458866 0.608621340525523
5.37481084306008 0.61360791147271
5.38109717153149 0.618571027856537
5.38738350000291 0.623510477822482
5.39366982847432 0.628426049516021
5.39995615694574 0.633317531082633
5.40624248541715 0.638184710667794
5.41252881388857 0.643027376416982
5.41881514235998 0.647845316475673
5.4251014708314 0.652638318989346
5.43138779930281 0.657406172103478
5.43767412777423 0.662148663963546
5.44396045624564 0.666865582715027
5.45024678471706 0.671556716503399
5.45653311318847 0.676221853474138
5.46281944165989 0.680860781772723
5.46910577013131 0.68547328954463
5.47539209860272 0.690059164935338
5.48167842707414 0.694618196090323
5.48796475554555 0.699150171155062
5.49425108401697 0.703654878275034
5.50053741248838 0.708132105595714
5.5068237409598 0.712581641262582
5.51311006943121 0.717003273421113
5.51939639790263 0.721396790216785
5.52568272637404 0.725761979795077
5.53196905484546 0.730098630301464
5.53825538331687 0.734406529881424
5.54454171178829 0.738685466680435
5.5508280402597 0.742935228843973
5.55711436873112 0.747155604517517
5.56340069720254 0.751346381846543
5.56968702567395 0.755507348976529
5.57597335414537 0.759638294052953
5.58225968261678 0.76373900522129
5.5885460110882 0.767809270627021
5.59483233955961 0.77184887841562
5.60111866803103 0.775857616732565
5.60740499650244 0.779835273723334
5.61369132497386 0.783781637533405
5.61997765344527 0.787696496308254
5.62626398191669 0.791579638193358
5.6325503103881 0.795430851334196
5.63883663885952 0.799249923876244
5.64512296733093 0.803036643964981
5.65140929580235 0.806790799745882
5.65769562427376 0.810512179364426
5.66398195274518 0.814200570966089
5.6702682812166 0.81785576269635
5.67655460968801 0.821477542700685
5.68284093815943 0.825065699124571
5.68912726663084 0.828620020113487
5.69541359510226 0.83214029381291
5.70169992357367 0.835626308368316
5.70798625204509 0.839077851925183
5.7142725805165 0.842494712628988
5.72055890898792 0.845876678625209
5.72684523745933 0.849223538059324
5.73313156593075 0.852535079076808
5.73941789440216 0.855811089823141
5.74570422287358 0.859051358443797
5.75199055134499 0.862255673084257
5.75827687981641 0.865423821889997
5.76456320828782 0.868555593006493
5.77084953675924 0.871650774579224
5.77713586523066 0.874709154753666
5.78342219370207 0.877730521675297
5.78970852217349 0.880714663489595
5.7959948506449 0.883661368342036
5.80228117911632 0.886570426386871
5.80856750758773 0.889441713464531
5.81485383605915 0.892275221329637
5.82114016453056 0.895070949964739
5.82742649300198 0.897828899352386
5.83371282147339 0.900549069475129
5.83999914994481 0.903231460315517
5.84628547841622 0.905876071856101
5.85257180688764 0.908482904079431
5.85885813535905 0.911051956968056
5.86514446383047 0.913583230504528
5.87143079230188 0.916076724671395
5.8777171207733 0.918532439451208
5.88400344924472 0.920950374826517
5.89028977771613 0.923330530779871
5.89657610618755 0.925672907293822
5.90286243465896 0.927977504350919
5.90914876313038 0.930244321933711
5.91543509160179 0.93247336002475
5.92172142007321 0.934664618606585
5.92800774854462 0.936818097661765
5.93429407701604 0.938933797172842
5.94058040548745 0.941011717122365
5.94686673395887 0.943051857492885
5.95315306243028 0.94505421826695
5.9594393909017 0.947018799427112
5.96572571937311 0.94894560095592
5.97201204784453 0.950834622835924
5.97829837631594 0.952685865049674
5.98458470478736 0.954499327579722
5.99087103325877 0.956275010408615
5.99715736173019 0.958012913518905
6.00344369020161 0.959713036893141
6.00973001867302 0.961375380513874
6.01601634714444 0.962999944363653
6.02230267561585 0.964586728425029
6.02858900408727 0.966135732680552
6.03487533255868 0.967646957112771
6.0411616610301 0.969120401704237
6.04744798950151 0.970556066437499
6.05373431797293 0.971953951295108
6.06002064644434 0.973314056259614
6.06630697491576 0.974636381313567
6.07259330338717 0.975920926439517
6.07887963185859 0.977167691620013
6.08516596033 0.978376676837607
6.09145228880142 0.979547882074846
6.09773861727284 0.980681307314284
6.10402494574425 0.981776952538468
6.11031127421567 0.982834817729949
6.11659760268708 0.983854902871277
6.1228839311585 0.984837207945002
6.12917025962991 0.985781732933675
6.13545658810133 0.986688477819844
6.14174291657274 0.987557442586061
6.14802924504416 0.988388627214874
6.15431557351557 0.989182031688835
6.16060190198699 0.989937655990494
6.1668882304584 0.990655500102399
6.17317455892982 0.991335564007102
6.17946088740123 0.991977847687152
6.18574721587265 0.9925823511251
6.19203354434406 0.993149074303495
6.19831987281548 0.993678017204888
6.20460620128689 0.994169179811827
6.21089252975831 0.994622562106865
6.21717885822973 0.99503816407255
6.22346518670114 0.995415985691432
6.22975151517256 0.995756026946063
6.23603784364397 0.996058287818991
6.24232417211539 0.996322768292766
6.2486105005868 0.996549468349939
6.25489682905822 0.99673838797306
6.26118315752963 0.996889527144679
6.26746948600105 0.997002885847345
6.27375581447246 0.99707846406361
6.28004214294388 0.997116261776022
6.28632847141529 0.997116278967132
6.29261479988671 0.99707851561949
6.29890112835812 0.997002971715646
6.30518745682954 0.99688964723815
6.31147378530096 0.996738542169551
6.31776011377237 0.996549656492402
6.32404644224379 0.99632299018925
6.3303327707152 0.996058543242646
6.33661909918662 0.99575631563514
6.34290542765803 0.995416307349282
6.34919175612945 0.995038518367623
6.35547808460086 0.994622948672712
6.36176441307228 0.994169598247099
6.36805074154369 0.993678467073335
6.37433707001511 0.993149555133969
6.38062339848652 0.992582862411551
6.38690972695794 0.991978388888631
6.39319605542935 0.99133613454776
6.39948238390077 0.990656099371487
6.40576871237218 0.989938283342363
6.4120550408436 0.989182686442938
6.41834136931501 0.988389308655761
6.42462769778643 0.987558149963382
6.43091402625785 0.986689210348353
6.43720035472926 0.985782489793221
6.44348668320068 0.984837988280539
6.44977301167209 0.983855705792855
6.45605934014351 0.98283564231272
6.46234566861492 0.981777797822684
6.46863199708634 0.980682172305296
6.47491832555775 0.979548765743108
6.48120465402917 0.978377578118668
6.48749098250058 0.977168609414527
6.493777310972 0.975921859613235
6.50006363944341 0.974637328697342
6.50634996791483 0.973315016649398
6.51263629638624 0.971954923451953
6.51892262485766 0.970557049087557
6.52520895332908 0.96912139353876
6.53149528180049 0.967647956788113
6.53778161027191 0.966136738818164
6.54406793874332 0.964587739611465
6.55035426721474 0.963000959150565
6.55664059568615 0.961376397418014
6.56292692415757 0.959714054396362
6.56921325262898 0.95801393006816
6.5754995811004 0.956276024415956
6.58178590957181 0.954500337422303
6.58807223804323 0.952686869069749
6.59435856651464 0.950835619340844
6.60064489498606 0.948946588218138
6.60693122345747 0.947019775684183
6.61321755192889 0.945055181721526
6.6195038804003 0.943052806312719
6.62579020887172 0.941012649440313
6.63207653734314 0.938934711086855
6.63836286581455 0.936818991234897
6.64464919428597 0.934665489866989
6.65093552275738 0.93247420696568
6.6572218512288 0.930245142513522
6.66350817970021 0.927978296493063
6.66979450817163 0.925673668886854
6.67608083664304 0.923331259677445
6.68236716511446 0.920951068847385
6.68865349358587 0.918533096379225
6.69493982205729 0.916077342255516
6.7012261505287 0.913583806458806
6.70751247900012 0.911052488971647
6.71379880747153 0.908483389776587
6.72008513594295 0.905876508856178
6.72637146441436 0.903231846192968
6.73265779288578 0.900549401769509
6.73894412135719 0.89782917556835
6.74523044982861 0.895071167572041
6.75151677830003 0.892275377763132
6.75780310677144 0.889441806124174
6.76408943524286 0.886570452637716
6.77037576371427 0.883661325518305
6.77666209218569 0.880714548951966
6.7829484206571 0.877730332853256
6.78923474912852 0.874708889146497
6.79552107759993 0.871650429756013
6.80180740607135 0.868555166606125
6.80809373454276 0.865423311621157
6.81438006301418 0.86225507672543
6.82066639148559 0.859050673843268
6.82695271995701 0.855810314898993
6.83323904842842 0.852534211816927
6.83952537689984 0.849222576521393
6.84581170537126 0.845875620936713
6.85209803384267 0.842493556987211
6.85838436231409 0.839076596597208
6.8646706907855 0.835624951691028
6.87095701925692 0.832138834192992
6.87724334772833 0.828618456027423
6.88352967619975 0.825064029118644
6.88981600467116 0.821475765390978
6.89610233314258 0.817853876768746
6.90238866161399 0.814198575176273
6.90867499008541 0.810510072537878
6.91496131855682 0.806788580777887
6.92124764702824 0.80303431182062
6.92753397549965 0.799247477590401
6.93382030397107 0.795428290011552
6.94010663244248 0.791576961008397
6.9463929609139 0.787693702505256
6.95267928938531 0.783778726426454
6.95896561785673 0.779832244696311
6.96525194632815 0.775854469239151
6.97153827479956 0.771845611979297
6.97782460327098 0.767805884841071
6.98411093174239 0.763735499748796
6.99039726021381 0.759634668626793
6.99668358868522 0.755503603399386
7.00296991715664 0.751342515990898
7.00925624562805 0.74715161832565
7.01554257409947 0.742931122327965
7.02182890257088 0.738681239922167
7.0281152310423 0.734402183032576
7.03440155951371 0.730094163583517
7.04068788798513 0.725757393499311
7.04697421645654 0.721392084704281
7.05326054492796 0.71699844912275
7.05954687339938 0.712576698679039
7.06583320187079 0.708127045297473
7.07211953034221 0.703649700902372
7.07840585881362 0.699144877418061
7.08469218728504 0.694612786768861
7.09097851575645 0.690053640879094
7.09726484422787 0.685467651673084
7.10355117269928 0.680855031075153
7.1098375011707 0.676215991009623
7.11612382964211 0.671550743400818
7.12241015811353 0.666859500173058
7.12869648658494 0.662142473250668
7.13498281505636 0.657399874557971
7.14126914352777 0.652631916019286
7.14755547199919 0.647838809558939
7.1538418004706 0.643020767101251
7.16012812894202 0.638178000570545
7.16641445741343 0.633310721891144
7.17270078588485 0.628419142987369
7.17898711435627 0.623503475783544
7.18527344282768 0.618563932203991
7.1915597712991 0.613600724173032
7.19784609977051 0.608614063614991
7.20413242824193 0.603604162454189
7.21041875671334 0.598571232614949
7.21670508518476 0.593515486021595
7.22299141365617 0.588437134598447
7.22927774212759 0.58333639026983
7.235564070599 0.578213464960065
7.24185039907042 0.573068570593475
7.24813672754183 0.567901919094382
7.25442305601325 0.56271372238711
7.26070938448466 0.55750419239598
7.26699571295608 0.552273541045315
7.2732820414275 0.547021980259438
7.27956836989891 0.541749721962672
7.28585469837033 0.536456978079337
7.29214102684174 0.531143960533758
7.29842735531316 0.525810881250258
7.30471368378457 0.520457952153157
7.31100001225599 0.515085385166781
7.3172863407274 0.509693392215448
7.32357266919882 0.504282185223485
7.32985899767023 0.498851976115212
7.33614532614165 0.493402976814952
7.34243165461306 0.487935399247028
7.34871798308448 0.482449455335762
7.35500431155589 0.476945357005476
7.36129064002731 0.471423316180495
7.36757696849872 0.465883544785139
7.37386329697014 0.460326254743731
7.38014962544155 0.454751657980595
7.38643595391297 0.449159966420052
7.39272228238439 0.443551391986426
7.3990086108558 0.437926146604037
7.40529493932722 0.43228444219721
7.41158126779863 0.426626490690267
7.41786759627005 0.42095250400753
7.42415392474146 0.415262694073323
7.43044025321288 0.409557272811965
7.43672658168429 0.403836452147782
7.44301291015571 0.398100444005096
7.44929923862712 0.392349460308229
7.45558556709854 0.386583712981503
7.46187189556995 0.380803413949242
7.46815822404137 0.375008775135766
7.47444455251278 0.369200008465401
7.4807308809842 0.363377325862466
7.48701720945562 0.357540939251286
7.49330353792703 0.351691060556184
7.49958986639845 0.34582790170148
7.50587619486986 0.339951674611499
7.51216252334128 0.334062591210561
7.51844885181269 0.328160863422991
7.52473518028411 0.322246703173111
7.53102150875552 0.316320322385242
7.53730783722694 0.310381932983709
7.54359416569835 0.304431746892832
7.54988049416977 0.298469976036935
7.55616682264118 0.292496832340341
7.5624531511126 0.286512527727371
7.56873947958401 0.280517274122349
7.57502580805543 0.274511283449597
7.58131213652684 0.268494767633437
7.58759846499826 0.262467938598193
7.59388479346967 0.256431008268185
7.60017112194109 0.250384188567738
7.60645745041251 0.244327691421174
7.61274377888392 0.238261728752814
7.61903010735534 0.232186512486984
7.62531643582675 0.226102254548002
7.63160276429817 0.220009166860194
7.63788909276958 0.213907461347882
7.644175421241 0.207797349935387
7.65046174971241 0.201679044547032
7.65674807818383 0.195552757107141
7.66303440665524 0.189418699540035
7.66932073512666 0.183277083770038
7.67560706359807 0.177128121721471
7.68189339206949 0.170972025318658
7.6881797205409 0.16480900648592
7.69446604901232 0.158639277147581
7.70075237748373 0.152463049227963
7.70703870595515 0.146280534651387
7.71332503442657 0.140091945342178
7.71961136289798 0.133897493224658
7.7258976913694 0.127697390223148
7.73218401984081 0.121491848261972
7.73847034831223 0.115281082380358
7.74475667678364 0.10906532750987
7.75104300525506 0.102844826405612
7.75732933372647 0.0966198218414074
7.76361566219789 0.0903905565910821
7.7699019906693 0.0841572734284622
7.77618831914072 0.0779202151273712
7.78247464761213 0.0716796244616359
7.78876097608355 0.0654357442050797
7.79504730455496 0.0591888171315287
7.80133363302638 0.0529390860148089
7.8076199614978 0.0466867936287435
7.81390628996921 0.0404321827471588
7.82019261844063 0.0341754961438807
7.82647894691204 0.0279169765927325
7.83276527538346 0.0216568668675413
7.83905160385487 0.0153954097421303
7.84533793232629 0.00913284799032559
7.8516242607977 0.00286942438595323
7.85791058926912 -0.00339461829716341
7.86419691774053 -0.00965903728519746
7.87048324621195 -0.0159235898043255
7.87676957468336 -0.0221880330807215
7.88305590315478 -0.0284521243405595
7.88934223162619 -0.034715620810016
7.89562856009761 -0.0409782797152651
7.90191488856902 -0.0472398582824807
7.90820121704044 -0.0535001137378394
7.91448754551185 -0.0597588033075144
7.92077387398327 -0.0660156842176822
7.92706020245469 -0.0722705136945168
7.9333465309261 -0.0785230489641922
7.93963285939752 -0.084773047252885
7.94591918786893 -0.0910202657867683
7.95220551634035 -0.0972644617920188
7.95849184481176 -0.10350539249481
7.96477817328318 -0.109742815121317
7.97106450175459 -0.115976486897715
7.97735083022601 -0.122206165050178
7.98363715869742 -0.128431606804883
7.98992348716884 -0.134652569388003
7.99620981564025 -0.140868810025712
8.00249614411167 -0.147080085944187
8.00878247258308 -0.153286154369601
8.0150688010545 -0.159486772528132
8.02135512952592 -0.165681697645951
8.02764145799733 -0.171870686949234
8.03392778646875 -0.178053497664158
8.04021411494016 -0.184229887016895
8.04650044341158 -0.190399612233621
8.05278677188299 -0.19656243054051
8.05907310035441 -0.202718099163741
8.06535942882582 -0.208866375329483
8.07164575729724 -0.215007016263914
8.07793208576865 -0.221139779193209
8.08421841424007 -0.227264421343541
8.09050474271148 -0.233380699941087
8.0967910711829 -0.239488372212022
8.10307739965431 -0.245587195382518
8.10936372812573 -0.251676926678751
8.11565005659715 -0.257757323326899
8.12193638506856 -0.263828142553132
8.12822271353997 -0.269889141583628
8.13450904201139 -0.27594007764456
8.14079537048281 -0.281980707962107
8.14708169895422 -0.288010789762438
8.15336802742564 -0.294030080271731
8.15965435589705 -0.300038336716162
8.16594068436847 -0.306035316321902
8.17222701283988 -0.312020776315129
8.1785133413113 -0.317994473922019
8.18479966978271 -0.323956166368743
8.19108599825413 -0.329905610881477
8.19737232672554 -0.335842564686397
8.20365865519696 -0.341766785009679
8.20994498366837 -0.347678029077495
8.21623131213979 -0.353576054116021
8.2225176406112 -0.359460617351434
8.22880396908262 -0.365331476009905
8.23509029755403 -0.37118838731761
8.24137662602545 -0.377031108500727
8.24766295449687 -0.382859396785427
8.25394928296828 -0.388673009397886
8.2602356114397 -0.394471703564281
8.26652193991111 -0.400255236510783
8.27280826838253 -0.406023365463569
8.27909459685394 -0.411775847648814
8.28538092532536 -0.417512440292693
8.29166725379677 -0.42323290062138
8.29795358226819 -0.42893698586105
8.3042399107396 -0.43462445323788
8.31052623921102 -0.440295059978041
8.31681256768243 -0.44594856330771
8.32309889615385 -0.451584720453063
8.32938522462526 -0.457203288640272
8.33567155309668 -0.462804025095514
8.3419578815681 -0.468386687044965
8.34824421003951 -0.473951031714796
8.35453053851093 -0.479496816331184
8.36081686698234 -0.485023798120304
8.36710319545376 -0.490531734308332
8.37338952392517 -0.49602038212144
8.37967585239659 -0.501489498785804
8.385962180868 -0.506938841527601
8.39224850933942 -0.512368167573003
8.39853483781083 -0.517777234148186
8.40482116628225 -0.523165798479326
8.41110749475366 -0.528533617792596
8.41739382322508 -0.533880449314171
8.42368015169649 -0.539206050270227
8.42996648016791 -0.544510177886938
8.43625280863932 -0.549792589390478
8.44253913711074 -0.555053042007024
8.44882546558216 -0.560291292962751
8.45511179405357 -0.565507099483831
8.46139812252498 -0.57070021879644
8.4676844509964 -0.575870408126756
8.47397077946782 -0.581017424700949
8.48025710793923 -0.586141025745196
8.48654343641065 -0.591240968485674
8.49282976488206 -0.596317010148554
8.49911609335348 -0.601368907960013
8.50540242182489 -0.606396419146226
8.51168875029631 -0.611399300933367
8.51797507876772 -0.61637731054761
8.52426140723914 -0.621330205215132
8.53054773571055 -0.626257742162108
8.53683406418197 -0.631159678614711
8.54312039265338 -0.636035771799116
8.5494067211248 -0.6408857789415
8.55569304959621 -0.645709457268035
8.56197937806763 -0.650506564004897
8.56826570653905 -0.655276856378263
8.57455203501046 -0.660020091614304
8.58083836348188 -0.664736026939197
8.58712469195329 -0.669424419579118
8.59341102042471 -0.674085026760239
8.59969734889612 -0.678717605708736
8.60598367736754 -0.683321913650785
8.61227000583895 -0.687897707812561
8.61855633431037 -0.692444745420236
8.62484266278178 -0.696962783699988
8.6311289912532 -0.701451579877991
8.63741531972461 -0.705910891180418
8.64370164819603 -0.710340474833446
8.64998797666745 -0.71474008806325
8.65627430513886 -0.719109488096003
8.66256063361027 -0.723448432157881
8.66884696208169 -0.72775667747506
8.67513329055311 -0.732033981273712
8.68141961902452 -0.736280100780014
8.68770594749594 -0.74049479322014
8.69399227596735 -0.744677815820266
8.70027860443877 -0.748828925820743
8.70656493291018 -0.752947919310161
8.7128512613816 -0.757034715911666
8.71913758985301 -0.761089259748306
8.72542391832443 -0.765111494943135
8.73171024679584 -0.769101365619209
8.73799657526726 -0.773058815899576
8.74428290373867 -0.776983789907291
8.75056923221009 -0.780876231765407
8.7568555606815 -0.784736085596975
8.76314188915292 -0.788563295525049
8.76942821762433 -0.792357805672681
8.77571454609575 -0.796119560162925
8.78200087456717 -0.799848503118832
8.78828720303858 -0.803544578663455
8.79457353151 -0.807207730919848
8.80085985998141 -0.810837904011062
8.80714618845283 -0.814435042060149
8.81343251692424 -0.817999089190165
8.81971884539566 -0.821529989524159
8.82600517386707 -0.825027687185185
8.83229150233849 -0.828492126296298
8.8385778308099 -0.831923250980546
8.84486415928132 -0.835321005360985
8.85115048775273 -0.838685333560667
8.85743681622415 -0.842016179702645
8.86372314469556 -0.84531348790997
8.87000947316698 -0.848577202305696
8.8762958016384 -0.851807267012876
8.88258213010981 -0.855003626154561
8.88886845858123 -0.858166223853805
8.89515478705264 -0.861295004233661
8.90144111552406 -0.864389911417181
8.90772744399547 -0.867450889527417
8.91401377246689 -0.870477882687423
8.9203001009383 -0.87347083502025
8.92658642940972 -0.876429690648952
8.93287275788113 -0.879354393696582
8.93915908635255 -0.882244888286192
8.94544541482396 -0.885101118540833
8.95173174329538 -0.88792302858356
8.95801807176679 -0.890710562537426
8.96430440023821 -0.893463664525481
8.97059072870962 -0.89618227867078
8.97687705718104 -0.898866349096375
8.98316338565246 -0.901515819925318
8.98944971412387 -0.904130635280662
8.99573604259529 -0.90671073928546
9.0020223710667 -0.909256076062764
9.00830869953812 -0.911766589735628
9.01459502800953 -0.914242224427103
9.02088135648095 -0.916682924260243
9.02716768495236 -0.9190886333581
9.03345401342378 -0.921459295843726
9.03974034189519 -0.923794855840175
9.04602667036661 -0.926095257470499
9.05231299883802 -0.92836044485775
9.05859932730944 -0.930590362124982
9.06488565578085 -0.932784953395247
9.07117198425227 -0.934944162791597
9.07745831272368 -0.937067934437085
9.0837446411951 -0.939156212454765
9.09003096966651 -0.941208940967688
9.09631729813793 -0.943226064098908
9.10260362660935 -0.945207525971476
9.10888995508076 -0.947153270708446
9.11517628355218 -0.94906324243287
9.12146261202359 -0.950937385267801
9.12774894049501 -0.952775643336291
9.13403526896642 -0.954577960761394
9.14032159743784 -0.956344281666161
9.14660792590925 -0.958074550173645
9.15289425438067 -0.9597687104069
9.15918058285208 -0.961426706488978
9.1654669113235 -0.963048482542931
9.17175323979491 -0.964633982691812
9.17803956826633 -0.966183151058673
9.18432589673774 -0.967695931766569
9.19061222520916 -0.96917226893855
9.19689855368057 -0.970612106697669
9.20318488215199 -0.972015389166981
9.20947121062341 -0.973382060469536
9.21575753909482 -0.974712064728387
9.22204386756624 -0.976005346066589
9.22833019603765 -0.977261848607191
9.23461652450907 -0.978481516473249
9.24090285298048 -0.979664293787813
9.2471891814519 -0.980810124673938
9.25347550992331 -0.981918953254675
9.25976183839473 -0.982990723653077
9.26604816686614 -0.984025379992198
9.27233449533756 -0.985022866395088
9.27862082380897 -0.985983126984802
9.28490715228039 -0.986906105884392
9.2911934807518 -0.98779174721691
9.29747980922322 -0.988639995105409
9.30376613769464 -0.989450793672942
9.31005246616605 -0.990224087042561
9.31633879463747 -0.990959819337319
9.32262512310888 -0.99165793468027
9.3289114515803 -0.992318377194464
9.33519778005171 -0.992941091002955
9.34148410852313 -0.993526020228797
9.34777043699454 -0.99407310899504
9.35405676546596 -0.994582301424738
9.36034309393737 -0.995053541640945
9.36662942240879 -0.995486773766711
9.3729157508802 -0.99588194192509
9.37920207935162 -0.996238990239135
9.38548840782303 -0.996557862831898
9.39177473629445 -0.996838503826432
9.39806106476586 -0.99708085734579
9.40434739323728 -0.997284867513023
9.4106337217087 -0.997450478451186
9.41692005018011 -0.99757763428333
9.42320637865152 -0.997666279132508
9.42949270712294 -0.997716357121773
9.43577903559436 -0.997727812374178
9.44206536406577 -0.997700589012774
9.44835169253719 -0.997634631160616
9.4546380210086 -0.997529882940754
9.46092434948002 -0.997386288476243
9.46721067795143 -0.997203791890135
9.47349700642285 -0.996982337305482
9.47978333489426 -0.996721868845337
9.48606966336568 -0.996422330632752
9.49235599183709 -0.996083666790781
9.49864232030851 -0.995705821442476
9.50492864877992 -0.99528873871089
9.51121497725134 -0.994832362719074
9.51750130572275 -0.994336637590083
9.52378763419417 -0.993801507446968
9.53007396266559 -0.993226916412783
9.536360291137 -0.99261280861058
9.54264661960842 -0.991959128163411
9.54893294807983 -0.991265819194329
9.55521927655125 -0.990532825826387
9.56150560502266 -0.989760092182637
9.56779193349408 -0.988947562386133
9.57407826196549 -0.988095180559927
9.58036459043691 -0.987202890827071
9.58665091890832 -0.986270637310618
9.59293724737974 -0.985298364133621
9.59922357585115 -0.984286015419132
9.60550990432257 -0.983233535290204
9.61179623279399 -0.98214086786989
9.6180825612654 -0.981007957281243
9.62436888973681 -0.979834747647314
9.63065521820823 -0.978621183091157
9.63694154667965 -0.977367207735825
9.64322787515106 -0.97607276570437
9.64951420362248 -0.974737801119844
9.65580053209389 -0.9733622581053
9.66208686056531 -0.971946080783791
9.66837318903672 -0.970489214273984
9.67465951750814 -0.968991676140991
9.68094584597955 -0.9674536042325
9.68723217445097 -0.965875147736856
9.69351850292238 -0.964256455842406
9.6998048313938 -0.962597677737498
9.70609115986521 -0.960898962610478
9.71237748833663 -0.959160459649692
9.71866381680804 -0.957382318043488
9.72495014527946 -0.955564686980213
9.73123647375087 -0.953707715648213
9.73752280222229 -0.951811553235835
9.74380913069371 -0.949876348931426
9.75009545916512 -0.947902251923333
9.75638178763654 -0.945889411399903
9.76266811610795 -0.943837976549482
9.76895444457937 -0.941748096560418
9.77524077305078 -0.939619920621056
9.7815271015222 -0.937453597919745
9.78781342999361 -0.935249277644831
9.79409975846503 -0.93300710898466
9.80038608693644 -0.93072724112758
9.80667241540786 -0.928409823261938
9.81295874387927 -0.926055004576079
9.81924507235069 -0.923662934258351
9.8255314008221 -0.921233761497102
9.83181772929352 -0.918767635480677
9.83810405776494 -0.916264705397423
9.84439038623635 -0.913725120435689
9.85067671470777 -0.911149029783819
9.85696304317918 -0.908536582630161
9.8632493716506 -0.905887928163062
9.86953570012201 -0.903203215570869
9.87582202859343 -0.900482594041929
9.88210835706484 -0.897726212764587
9.88839468553626 -0.894934220927192
9.89468101400767 -0.89210676771809
9.90096734247909 -0.889244002325628
9.9072536709505 -0.886346073938153
9.91353999942192 -0.883413131744011
9.91982632789333 -0.880445324931549
9.92611265636475 -0.877442802689115
9.93239898483616 -0.874405714205055
9.93868531330758 -0.871334208667715
9.944971641779 -0.868228435265444
9.95125797025041 -0.865088543186587
9.95754429872182 -0.861914681619492
9.96383062719324 -0.858706999752504
9.97011695566466 -0.855465646773972
9.97640328413607 -0.852190771872242
9.98268961260749 -0.848882524235659
9.9889759410789 -0.845541053052574
9.99526226955032 -0.84216650751133
10.0015485980217 -0.838759036800275
10.0078349264931 -0.835318790107757
10.0141212549646 -0.831845916622122
10.020407583436 -0.828340565531716
10.0266939119074 -0.824802886024887
10.0329802403788 -0.821233027289981
10.0392665688502 -0.817631138515346
10.0455528973216 -0.813997368889327
10.0518392257931 -0.810331867600273
10.0581255542645 -0.806634783836529
10.0644118827359 -0.802906266786443
10.0706982112073 -0.799146465638361
10.0769845396787 -0.795355529580631
10.0832708681501 -0.791533607801598
10.0895571966215 -0.78768084948961
10.095843525093 -0.783797403833015
10.1021298535644 -0.779883420020157
10.1084161820358 -0.775939047239386
10.1147025105072 -0.771964434679047
10.1209888389786 -0.767959731527487
10.12727516745 -0.763925086973052
10.1335614959215 -0.75986065020409
10.1398478243929 -0.755766570408949
10.1461341528643 -0.751642996775972
10.1524204813357 -0.74749007849351
10.1587068098071 -0.743307964749908
10.1649931382785 -0.739096804733512
10.1712794667499 -0.734856747632671
10.1775657952214 -0.73058794263573
10.1838521236928 -0.726290538931036
10.1901384521642 -0.721964685706937
10.1964247806356 -0.717610532151779
10.202711109107 -0.71322822745391
10.2089974375784 -0.708817920801673
10.2152837660499 -0.70437976138342
10.2215700945213 -0.699913898387495
10.2278564229927 -0.695420481002244
10.2341427514641 -0.690899658416017
10.2404290799355 -0.686351579817158
10.2467154084069 -0.681776394394014
10.2530017368783 -0.677174251334934
10.2592880653498 -0.672545299828263
10.2655743938212 -0.667889689062347
10.2718607222926 -0.663207568225536
10.278147050764 -0.658499086506175
10.2844333792354 -0.65376439309261
10.2907197077068 -0.649003637173188
10.2970060361783 -0.644216967936257
10.3032923646497 -0.639404534570164
10.3095786931211 -0.634566486263254
10.3158650215925 -0.629702972203876
10.3221513500639 -0.624814141580376
10.3284376785353 -0.619900143581099
10.3347240070067 -0.614961127394394
10.3410103354782 -0.609997242208609
10.3472966639496 -0.605008637212086
10.353582992421 -0.599995461593178
10.3598693208924 -0.594957864540228
10.3661556493638 -0.589895995241584
10.3724419778352 -0.584810002885591
10.3787283063067 -0.579700036660598
10.3850146347781 -0.574566245754952
10.3913009632495 -0.569408779356997
10.3975872917209 -0.564227786655083
10.4038736201923 -0.559023416837557
10.4101599486637 -0.553795819092762
10.4164462771351 -0.548545142609049
10.4227326056066 -0.543271536574763
10.429018934078 -0.537975150178249
10.4353052625494 -0.532656132607858
10.4415915910208 -0.527314633051935
10.4478779194922 -0.521950800698826
10.4541642479636 -0.516564784736877
10.460450576435 -0.511156734354438
10.4667369049065 -0.505726798739853
10.4730232333779 -0.500275127081469
10.4793095618493 -0.494801868567635
10.4855958903207 -0.489307172386697
10.4918822187921 -0.483791187726999
10.4981685472635 -0.478254063776892
10.504454875735 -0.472695949724722
10.5107412042064 -0.467116994758832
10.5170275326778 -0.461517348067574
10.5233138611492 -0.455897158839292
10.5296001896206 -0.450256576262333
10.535886518092 -0.444595749525043
10.5421728465634 -0.438914827815772
10.5484591750349 -0.433213960322864
10.5547455035063 -0.427493296234666
10.5610318319777 -0.421752984739527
10.5673181604491 -0.415993175025792
10.5736044889205 -0.410214016281807
10.5798908173919 -0.404415657695921
10.5861771458634 -0.39859824845648
10.5924634743348 -0.392761937751829
10.5987498028062 -0.386906874770319
10.6050361312776 -0.381033208700293
10.611322459749 -0.3751410887301
10.6176087882204 -0.369230664048085
10.6238951166918 -0.363302083842596
10.6301814451633 -0.357355497301981
10.6364677736347 -0.351391058521309
10.6427541021061 -0.345409016411339
10.6490404305775 -0.339409705643236
10.6553267590489 -0.333393463978115
10.6616130875203 -0.327360629177097
10.6678994159918 -0.321311539001297
10.6741857444632 -0.315246531211829
10.6804720729346 -0.309165943569815
10.686758401406 -0.303070113836369
10.6930447298774 -0.296959379772608
10.6993310583488 -0.290834079139647
10.7056173868202 -0.284694549698607
10.7119037152917 -0.278541129210603
10.7181900437631 -0.27237415543675
10.7244763722345 -0.266193966138168
10.7307627007059 -0.260000899075972
10.7370490291773 -0.253795292011278
10.7433353576487 -0.247577482705206
10.7496216861202 -0.241347808918871
10.7559080145916 -0.23510660841339
10.762194343063 -0.228854218949878
10.7684806715344 -0.222590978289455
10.7747670000058 -0.216317224193237
10.7810533284772 -0.210033294422338
10.7873396569486 -0.203739526737879
10.7936259854201 -0.197436258900975
10.7999123138915 -0.191123828672742
10.8061986423629 -0.184802573814299
10.8124849708343 -0.178472832086762
10.8187712993057 -0.172134941251245
10.8250576277771 -0.16578923906887
10.8313439562486 -0.159436063300751
10.83763028472 -0.153075751708006
10.8439166131914 -0.146708642051748
10.8502029416628 -0.140335072093099
10.8564892701342 -0.133955379593175
10.8627755986056 -0.127569902313088
10.869061927077 -0.121178978013962
10.8753482555485 -0.114782944456909
10.8816345840199 -0.108382139403047
10.8879209124913 -0.101976900613494
10.8942072409627 -0.0955675658493657
10.9004935694341 -0.0891544728717779
10.9067798979055 -0.0827379594418506
10.913066226377 -0.0763183633206989
10.9193525548484 -0.0698960222694397
10.9256388833198 -0.063471274049188
10.9319252117912 -0.0570444564210644
10.9382115402626 -0.0506159071461839
10.944497868734 -0.0441859639856615
10.9507841972054 -0.0377549647006177
10.9570705256769 -0.0313232470521677
10.9633568541483 -0.0248911488014264
10.9696431826197 -0.0184590077095144
10.9759295110911 -0.0120271615375467
10.9822158395625 -0.00559594804663831
10.9885021680339 0.000834295002090207
10.9947884965053 0.0072632298475238
11.0010748249768 0.0136905187285456
11.0073611534482 0.0201158238840406
11.0136474819196 0.0265388075528882
11.019933810391 0.0329591319739735
11.0262201388624 0.0393764593861812
11.0325064673338 0.0457904520283911
11.0387927958053 0.0522007721394879
11.0450791242767 0.0586070819583567
11.0513654527481 0.0650090437238769
11.0576517812195 0.0714063196749336
11.0639381096909 0.0777985720504115
11.0702244381623 0.0841854630891903
11.0765107666337 0.0905666550301549
11.0827970951052 0.0969418101121884
11.0890834235766 0.103310590574176
11.095369752048 0.109672658654996
11.1016560805194 0.116027676593535
11.1079424089908 0.122375306628678
11.1142287374622 0.128715210999303
11.1205150659337 0.135047051944295
11.1268013944051 0.141370491702541
11.1330877228765 0.147685192512918
11.1393740513479 0.153990816614313
11.1456603798193 0.16028702624561
11.1519467082907 0.166573483645688
11.1582330367621 0.172849851053432
11.1645193652336 0.179115790707727
11.170805693705 0.185370964847455
11.1770920221764 0.191615035711498
11.1833783506478 0.19784766553874
11.1896646791192 0.204068516568066
11.1959510075906 0.210277251038355
11.2022373360621 0.216473531188493
11.2085236645335 0.222657019257364
11.2148099930049 0.228827377483848
11.2210963214763 0.234984268106829
11.2273826499477 0.241127353365194
11.2336689784191 0.24725629549782
11.2399553068905 0.253370756743594
11.246241635362 0.259470399341398
11.2525279638334 0.265554885530117
11.2588142923048 0.271623877548632
11.2651006207762 0.277677037635825
11.2713869492476 0.283714028030584
11.277673277719 0.289734510971786
11.2839596061905 0.295738148698318
11.2902459346619 0.301724603449064
11.2965322631333 0.307693537462903
11.3028185916047 0.313644612978721
11.3091049200761 0.319577492235402
11.3153912485475 0.325491837471826
11.3216775770189 0.331387310926878
11.3279639054904 0.337263574839441
11.3342502339618 0.3431202914484
11.3405365624332 0.348957122992635
11.3468228909046 0.354773731711029
11.353109219376 0.36056977984247
11.3593955478474 0.366344929625835
11.3656818763189 0.372098843300009
11.3719682047903 0.377831183103879
11.3782545332617 0.383541611276323
11.3845408617331 0.389229790056226
11.3908271902045 0.394895381682473
11.3971135186759 0.400538048393943
11.4033998471473 0.406157452429523
11.4096861756188 0.411753256028094
11.4159725040902 0.417325121428541
11.4222588325616 0.422872710869745
11.428545161033 0.42839568659059
11.4348314895044 0.433893710829961
11.4411178179758 0.439366445826737
11.4474041464473 0.444813553819804
11.4536904749187 0.450234697048047
11.4599768033901 0.455629537750344
11.4662631318615 0.460997738165581
11.4725494603329 0.466338960532643
11.4788357888043 0.47165286709041
11.4851221172757 0.476939120077765
11.4914084457472 0.482197381733594
11.4976947742186 0.487427314296779
11.50398110269 0.492628580006201
11.5102674311614 0.497800841100745
11.5165537596328 0.502943759819296
11.5228400881042 0.508056998400733
11.5291264165756 0.513140219083941
11.5354127450471 0.518193084107805
11.5416990735185 0.523215255711206
11.5479854019899 0.528206396133026
11.5542717304613 0.533166167612152
11.5605580589327 0.538094232387463
11.5668443874041 0.542990252697845
11.5731307158756 0.547853890782179
11.579417044347 0.552684808879351
11.5857033728184 0.557482669228241
11.5919897012898 0.562247134067733
11.5982760297612 0.566977865636713
11.6045623582326 0.571674565823173
11.610848686704 0.576337260329428
11.6171350151755 0.580966132978457
11.6234213436469 0.585561368663761
11.6297076721183 0.590123152278845
11.6359940005897 0.594651668717214
11.6422803290611 0.599147102872374
11.6485666575325 0.603609639637826
11.654852986004 0.608039463907075
11.6611393144754 0.612436760573627
11.6674256429468 0.616801714530984
11.6737119714182 0.621134510672651
11.6799982998896 0.625435333892133
11.686284628361 0.629704369082933
11.6925709568324 0.633941801138555
11.6988572853039 0.638147814952506
11.7051436137753 0.642322595418286
11.7114299422467 0.646466327429402
11.7177162707181 0.650579195879357
11.7240025991895 0.654661385661657
11.7302889276609 0.658713081669803
11.7365752561324 0.662734468797302
11.7428615846038 0.666725731937658
11.7491479130752 0.670687055984374
11.7554342415466 0.674618625830954
11.761720570018 0.678520626370904
11.7680068984894 0.682393242497726
11.7742932269608 0.686236659104925
11.7805795554323 0.690051061086007
11.7868658839037 0.693836633334473
11.7931522123751 0.69759356074383
11.7994385408465 0.70132202820758
11.8057248693179 0.70502222061923
11.8120111977893 0.708694322872281
11.8182975262608 0.712338519860239
11.8245838547322 0.715954996476608
11.8308701832036 0.719543937614892
11.837156511675 0.723105528168595
11.8434428401464 0.726639953031222
11.8497291686178 0.730147397096277
11.8560154970892 0.733628045257262
11.8623018255607 0.737082082407685
11.8685881540321 0.740509693441047
11.8748744825035 0.743911063250854
11.8811608109749 0.747286376730609
11.8874471394463 0.750635818773819
11.8937334679177 0.753959574273984
11.9000197963892 0.75725782812461
11.9063061248606 0.760530765219203
11.912592453332 0.763778570451264
11.9188787818034 0.7670014287143
11.9251651102748 0.770199524901814
11.9314514387462 0.77337304390731
11.9377377672176 0.776522170624292
11.9440240956891 0.779647089946266
11.9503104241605 0.782747986766733
11.9565967526319 0.7858250459792
11.9628830811033 0.78887845247717
11.9691694095747 0.791908391154148
11.9754557380461 0.794915046903637
11.9817420665175 0.797898604619142
11.988028394989 0.800859249194167
11.9943147234604 0.803797165522216
12.0006010519318 0.806712538496794
12.0068873804032 0.809605553011404
12.0131737088746 0.812476393959551
12.019460037346 0.815325246234739
12.0257463658175 0.818152294730473
12.0320326942889 0.820957724340256
12.0383190227603 0.823741719957592
12.0446053512317 0.826504466475986
12.0508916797031 0.829246148788943
12.0571780081745 0.831966951789965
12.0634643366459 0.834667060372558
12.0697506651174 0.837346659430226
12.0760369935888 0.840005933856472
12.0823233220602 0.842645068544801
12.0886096505316 0.845264248388718
12.094895979003 0.847863658281726
12.1011823074744 0.850443483117329
12.1074686359459 0.853003907789033
12.1137549644173 0.85554511719034
12.1200412928887 0.858067296214756
12.1263276213601 0.860570629755784
12.1326139498315 0.863055302706929
12.1389002783029 0.865521499961694
12.1451866067743 0.867969406413584
12.1514729352458 0.870399206956104
12.1577592637172 0.872811086482757
12.1640455921886 0.875205229887048
12.17033192066 0.87758182206248
12.1766182491314 0.879941047902559
12.1829045776028 0.882283092300787
12.1891909060743 0.88460814015067
12.1954772345457 0.886916376345712
12.2017635630171 0.889207985779416
12.2080498914885 0.891483153345287
12.2143362199599 0.89374206393683
12.2206225484313 0.895984902447548
12.2269088769027 0.898211853770945
12.2331952053742 0.900423102800527
12.2394815338456 0.902618834429797
12.245767862317 0.904799233552258
12.2520541907884 0.906964485061416
12.2583405192598 0.909114773850775
12.2646268477312 0.911250284813838
12.2709131762027 0.91337120284411
12.2771995046741 0.915477712835096
12.2834858331455 0.917569999680298
12.2897721616169 0.919648248273222
12.2960584900883 0.921712643507373
12.3023448185597 0.923763370276253
12.3086311470311 0.925800613473367
12.3149174755026 0.92782455799222
12.321203803974 0.929835388726316
12.3274901324454 0.931833290569157
12.3337764609168 0.933818448414251
12.3400627893882 0.935791047155099
12.3463491178596 0.937751271685206
12.3526354463311 0.939699306898078
12.3589217748025 0.941635337687217
12.3652081032739 0.943559548946127
12.3714944317453 0.945472125568314
12.3777807602167 0.947373252447282
12.3840670886881 0.949263114476534
12.3903534171595 0.951141896549574
12.396639745631 0.953009783559908
12.4029260741024 0.954866960401039
12.4092124025738 0.956713611966471
12.4154987310452 0.958549923149709
12.4217850595166 0.960376078844257
12.428071387988 0.962192263943618
12.4343577164595 0.963998663341298
12.4406440449309 0.9657954619308
12.4469303734023 0.967582844605628
12.4532167018737 0.969360996259287
12.4595030303451 0.971130101785282
12.4657893588165 0.972890346077115
12.4720756872879 0.974641914028291
12.4783620157594 0.976384990532316
12.4846483442308 0.978119760482692
12.4909346727022 0.979846408772924
12.4972210011736 0.981565120296516
12.503507329645 0.983276079946973
12.5097936581164 0.984979472617798
12.5160799865878 0.986675483202495
12.5223663150593 0.98836429659457
12.5286526435307 0.990046097687526
12.5349389720021 0.991721071374867
12.5412253004735 0.993389402550098
12.5475116289449 0.995051276106722
12.5537979574163 0.996706876938244
12.5600842858878 0.998356389938169
12.5663706143592 1
