0 5819000 2100 900
0.19893899204244 5818903.75707249 2136.05960023419 960.18332727662
0.397877984084881 5818805.82294009 2172.75178414327 1021.42527577103
0.596816976127321 5818706.23735999 2210.06166318999 1083.70097682033
0.795755968169761 5818604.9503705 2248.00799997235 1147.04162953065
0.994694960212202 5818501.91869413 2286.6069226045 1211.47438326421
1.19363395225464 5818397.11450115 2325.8686351861 1277.01686366285
1.39257294429708 5818290.51069384 2365.80306109525 1343.68624506743
1.59151193633952 5818182.08007184 2406.4201685578 1411.49975959918
1.79045092838196 5818071.79256399 2447.73118033234 1480.47625567747
1.9893899204244 5817959.61491236 2489.74871175888 1550.63637587723
2.18832891246684 5817845.51369302 2532.48545072937 1622.00085624686
2.38726790450928 5817729.45548203 2575.95408513574 1694.59043283474
2.58620689655172 5817611.40685544 2620.16730286991 1768.42584168926
2.78514588859416 5817491.33438932 2665.13779182383 1843.52781885882
2.9840848806366 5817369.20465972 2710.87823988941 1919.91710039179
3.18302387267905 5817244.98417431 2757.40135309924 1997.61447258829
3.38196286472149 5817118.63703532 2804.72047551393 2076.64248916081
3.58090185676393 5816990.12435935 2852.84974311354 2157.02589753147
3.77984084880637 5816859.40707687 2901.80334124821 2238.78958188333
3.97877984084881 5816726.44611833 2951.59545526811 2321.95842639948
4.17771883289125 5816591.20241421 3002.24027052337 2406.55731526296
4.37665782493369 5816453.63689498 3053.75197236416 2492.61113265686
4.57559681697613 5816313.71049109 3106.14474614062 2580.14476276424
4.77453580901857 5816171.38413303 3159.4327772029 2669.18308976816
4.97347480106101 5816026.61875125 3213.63025090116 2759.7509978517
5.17241379310345 5815879.37527622 3268.75135258555 2851.87337119792
5.37135278514589 5815729.6146384 3324.81026760621 2945.5750939899
5.57029177718833 5815577.29776828 3381.82118131331 3040.88105041069
5.76923076923077 5815422.3855963 3439.79827905699 3137.81612464336
5.96816976127321 5815264.83905294 3498.7557461874 3236.405200871
6.16710875331565 5815104.61906867 3558.70776805469 3336.67316327665
6.36604774535809 5814941.68646168 3619.66857621642 3438.64496209883
6.56498673740053 5814775.9952493 3681.65520147704 3542.34954921805
6.76392572944297 5814607.48886985 3744.68902895594 3647.82210119246
6.96286472148541 5814436.10984722 3808.79182015264 3755.09833263155
7.16180371352785 5814261.80070529 3873.98533656666 3864.2139581448
7.36074270557029 5814084.50396796 3940.2913396975 3975.20469234167
7.55968169761273 5813904.16215912 4007.73159104468 4088.10624983165
7.75862068965517 5813720.71780267 4076.32785210772 4202.95434522422
7.95755968169761 5813534.11342249 4146.10188438611 4319.78469312883
8.15649867374005 5813344.29154246 4217.07544937939 4438.63300815498
8.35543766578249 5813151.1946865 4289.27030858705 4559.53500491214
8.55437665782493 5812954.76537848 4362.70822350862 4682.52639800978
8.75331564986737 5812754.9461423 4437.4109556436 4807.64290205738
8.95225464190981 5812551.67950184 4513.40026649151 4934.92023166442
9.15119363395225 5812344.90798101 4590.69791755185 5064.39410144037
9.35013262599469 5812134.57410368 4669.32567032416 5196.10022599471
9.54907161803714 5811920.62039375 4749.30528630792 5330.07431993691
9.74801061007958 5811702.98937512 4830.65852700267 5466.35209787645
9.94694960212202 5811481.62357167 4913.40715390791 5604.96927442281
10.1458885941645 5811256.46550729 4997.57292852315 5745.96156418546
10.3448275862069 5811027.45770588 5083.17761234791 5889.36468177387
10.5437665782493 5810794.54269132 5170.2429668817 6035.21434179753
10.7427055702918 5810557.66298751 5258.79075362403 6183.5462588659
10.9416445623342 5810316.76111834 5348.84273407441 6334.39614758847
11.1405835543767 5810071.77960769 5440.42066973236 6487.79972257472
11.3395225464191 5809822.66097947 5533.5463220974 6643.7926984341
11.5384615384615 5809569.34775755 5628.24145266902 6802.41078977612
11.737400530504 5809311.78246584 5724.52782294675 6963.68971121023
11.9363395225464 5809049.90762822 5822.4271944301 7127.66517734591
12.1352785145889 5808783.66576859 5921.96132861859 7294.37290279264
12.3342175066313 5808512.99941083 6023.15198701171 7463.8486021599
12.5331564986737 5808237.85107883 6126.02093110899 7636.12799005716
12.7320954907162 5807958.16325978 6230.58993459786 7811.24680561696
12.9310344827586 5807673.86489484 6336.88526839899 7989.24983675915
13.1299734748011 5807384.85121128 6444.94439632835 8170.20439239017
13.3289124668435 5807091.01227945 6554.80649428746 8354.18122626737
13.5278514588859 5806792.23816967 6666.51073817785 8541.25109214812
13.7267904509284 5806488.41895231 6780.09630390103 8731.48474378975
13.9257294429708 5806179.44469769 6895.60236735854 8924.95293494962
14.1246684350133 5805865.20547616 7013.0681044519 9121.72641938508
14.3236074270557 5805545.59135806 7132.53269108262 9321.87595085349
14.5225464190981 5805220.49241373 7254.03530315224 9525.47228311221
14.7214854111406 5804889.79871352 7377.61511656227 9732.58616991857
14.920424403183 5804553.40032776 7503.31130721424 9943.28836502994
15.1193633952255 5804211.18732679 7631.16305100967 10157.6496222037
15.3183023872679 5803863.04978095 7761.20952385009 10375.7406951971
15.5172413793103 5803508.87776059 7893.48990163701 10597.6323377676
15.7161803713528 5803148.56133606 8028.04336027197 10823.3953036725
15.9151193633952 5802781.99057767 8164.90907565648 11053.1003466692
16.1140583554377 5802409.05555579 8304.12622369208 11286.818220515
16.3129973474801 5802029.64634075 8445.73398028027 11524.6196789673
16.5119363395225 5801643.65300289 8589.77152132258 11766.5754757834
16.710875331565 5801250.96561256 8736.27802272054 12012.7563647207
16.9098143236074 5800851.47424009 8885.29266037568 12263.2330995366
17.1087533156499 5800445.06895582 9036.85461018951 12518.0764339883
17.3076923076923 5800031.6398301 9191.00304806355 12777.3571218332
17.5066312997347 5799611.07693327 9347.77714989934 13041.1459168288
17.7055702917772 5799183.27033567 9507.2160915984 13309.5135727323
17.9045092838196 5798748.11010764 9669.35904906223 13582.5308433011
18.1034482758621 5798305.48631951 9834.24519819238 13860.2684822925
18.3023872679045 5797855.28904164 10001.9137148904 14142.7972434639
18.501326259947 5797397.40834437 10172.4037750577 14430.1878805727
18.7002652519894 5796931.73429803 10345.7545545959 14722.5111473762
18.8992042440318 5796458.15697296 10522.0052294065 15019.8377976318
19.0981432360743 5795976.56643951 10701.1949753911 15322.2385850968
19.2970822281167 5795486.85276802 10883.3629684511 15629.7842635285
19.4960212201592 5794988.90602883 11068.5483844881 15942.5455866844
19.6949602122016 5794482.61629227 11256.7903994035 16260.5933083218
19.893899204244 5793967.8736287 11448.128189099 16583.9981821979
20.0928381962865 5793444.56810845 11642.600929476 16912.8309620703
20.2917771883289 5792912.58980187 11840.2477964361 17247.1624016961
20.4907161803714 5792371.82877928 12041.1079658808 17587.0632548329
20.6896551724138 5791822.17511105 12245.2206137116 17932.6042752379
20.8885941644562 5791263.5188675 12452.62491583 18283.8562166685
21.0875331564987 5790695.75011898 12663.3600481376 18640.889832882
21.2864721485411 5790118.75893583 12877.4651865359 19003.7758776358
21.4854111405836 5789532.43538839 13094.9795069264 19372.5851046873
21.684350132626 5788936.669547 13315.9421852106 19747.3882677937
21.8832891246684 5788331.351482 13540.39239729 20128.2561207126
22.0822281167109 5787716.36980427 13768.3698620412 20515.2603336907
22.2811671087533 5787091.55698473 13999.9351844853 20908.5078307858
22.4801061007958 5786456.67290986 14235.175973746 21308.1511163916
22.6790450928382 5785811.4726496 14474.1816308838 21714.34571952
22.8779840848806 5785155.71127386 14717.0415569596 22127.2471691833
23.0769230769231 5784489.14385257 14963.8451530339 22547.0109943933
23.2758620689655 5783811.52545567 15214.6818201676 22973.7927241622
23.474801061008 5783122.61115308 15469.6409594213 23407.7478875021
23.6737400530504 5782422.15601472 15728.8119718558 23849.0320134249
23.8726790450928 5781709.91511053 15992.2842585317 24297.8006309427
24.0716180371353 5780985.64351042 16260.1472205099 24754.2092690676
24.2705570291777 5780249.09628434 16532.4902588509 25218.4134568117
24.4694960212202 5779500.0285022 16809.4027746156 25690.5687231869
24.6684350132626 5778738.19523393 17090.9741688646 26170.8305972053
24.867374005305 5777963.35154946 17377.2938426586 26659.3546078791
25.0663129973475 5777175.25251872 17668.4511970585 27156.2962842201
25.2652519893899 5776373.65321163 17964.5356331247 27661.8111552406
25.4641909814324 5775558.30869813 18265.6365519182 28176.0547499524
25.6631299734748 5774728.97404813 18571.8433544996 28699.1825973678
25.8620689655172 5773885.40433157 18883.2454419296 29231.3502264987
26.0610079575597 5773027.35461837 19199.9322152689 29772.7131663572
26.2599469496021 5772154.57997847 19521.9930755783 30323.4269459554
26.4588859416446 5771266.83548178 19849.5174239185 30883.6470943052
26.657824933687 5770363.87619823 20182.5946613501 31453.5291404188
26.8567639257294 5769445.45719776 20521.3141889339 32033.2286133082
27.0557029177719 5768511.33355028 20865.7654077306 32622.9010419855
27.2546419098143 5767561.26032574 21216.037718801 33222.7019554626
27.4535809018568 5766594.99259404 21572.2205232057 33832.7868827518
27.6525198938992 5765612.28542513 21934.4032220054 34453.3113528649
27.8514588859416 5764612.89388892 22302.6752162609 35084.4308948141
28.0503978779841 5763596.57305535 22677.1259070329 35726.3010376114
28.2493368700265 5762563.07799435 23057.8446953821 36379.0773102689
28.448275862069 5761512.16377583 23444.9209823692 37042.9152417986
28.6472148541114 5760443.58546973 23838.4441690549 37717.9703612125
28.8461538461538 5759357.09814598 24238.5036565 38404.3981975228
29.0450928381963 5758252.45687449 24645.1888457651 39102.3542797415
29.2440318302387 5757129.41672521 25058.589137911 39811.9941368805
29.4429708222812 5755987.73276805 25478.7939339984 40533.4732979521
29.6419098143236 5754827.16007294 25905.892635088 41266.9472919682
29.840848806366 5753647.45370982 26339.9746422404 42012.5716479408
30.0397877984085 5752448.3687486 26781.1293565166 42770.5018948821
30.2387267904509 5751229.66025922 27229.446178977 43540.8935618041
30.4376657824934 5749991.0833116 27685.0145106825 44323.9021777188
30.6366047745358 5748732.39297567 28147.9237526938 45119.6832716383
30.8355437665782 5747453.34432135 28618.2633060716 45928.3923725747
31.0344827586207 5746153.69241858 29096.1225718766 46750.1850095399
31.2334217506631 5744833.19233728 29581.5909511695 47585.2167115461
31.4323607427056 5743491.59914738 30074.757845011 48433.6430076053
31.631299734748 5742128.66791881 30575.7126544619 49295.6194267295
31.8302387267904 5740744.15372149 31084.5447805828 50171.3014979309
32.0291777188329 5739337.81162534 31601.3436244345 51060.8447502214
32.2281167108753 5737909.39670031 32126.1985870777 51964.4047126131
32.4270557029178 5736458.6352803 32659.2050707486 52882.1596489564
32.6259946949602 5734985.10448102 33200.4896401331 53814.4058788501
32.8249336870026 5733488.33313377 33750.1889435444 54761.4779226805
33.0238726790451 5731967.85004537 34308.4396344126 55723.71032022
33.2228116710875 5730423.18402259 34875.3783661679 56701.4376112407
33.42175066313 5728853.86387224 35451.1417922404 57694.9943355149
33.6206896551724 5727259.41840112 36035.8665660603 58704.7150328146
33.8196286472149 5725639.37641603 36629.6893410578 59730.9342429122
34.0185676392573 5723993.26672376 37232.746770663 60773.9865055799
34.2175066312997 5722320.6181311 37845.1755083062 61834.2063605898
34.4164456233422 5720620.95944487 38467.1122074175 62911.9283477141
34.6153846153846 5718893.81947185 39098.693521427 64007.4870067252
34.8143236074271 5717138.72701884 39740.056103765 65121.2168773951
35.0132625994695 5715355.21089264 40391.3366078616 66253.4524994961
35.2122015915119 5713542.79990005 41052.6716871469 67404.5284128004
35.4111405835544 5711701.02284787 41724.1979950512 68574.7791570803
35.6100795755968 5709829.40854289 42406.0521850046 69764.5392721078
35.8090185676393 5707927.48579191 43098.3709104373 70974.1432976552
36.0079575596817 5705994.78340172 43801.2908247795 72203.9257734948
36.2068965517241 5704030.83017914 44514.9485814612 73454.2212393987
36.4058355437666 5702035.15493095 45239.4808339128 74725.3642351392
36.604774535809 5700007.28646395 45975.0242355643 76017.6893004884
36.8037135278515 5697946.75358493 46721.715439846 77331.5309752186
37.0026525198939 5695853.08510071 47479.691100188 78667.223799102
37.2015915119363 5693725.80981807 48249.0878700205 80025.1023119107
37.4005305039788 5691564.45654381 49030.0424027736 81405.501053417
37.5994694960212 5689368.55408473 49822.6913518776 82808.7545633932
37.7984084880637 5687137.63124763 50627.1713707625 84235.1973816112
37.9973474801061 5684871.2168393 51443.6191128586 85685.1640478436
38.1962864721485 5682568.83966654 52272.171231596 87158.9891018623
38.395225464191 5680230.02853615 53112.9643804049 88657.0070834397
38.5941644562334 5677854.31225494 53966.1352127155 90179.5525323479
38.7931034482759 5675441.21962968 54831.820381958 91726.9599883591
38.9920424403183 5672990.27946719 55710.1565415624 93299.5639912456
39.1909814323607 5670501.02057426 56601.2803449591 94897.6990807796
39.3899204244032 5667972.97175769 57505.3284455781 96521.6997967332
39.5888594164456 5665405.66182427 58422.4374968496 98171.9006788787
39.7877984084881 5662798.61958081 59352.7441522039 99848.6362669883
39.9867374005305 5660151.37383409 60296.3850650709 101552.241100834
40.1856763925729 5657463.45339093 61253.4968888811 103283.049720189
40.3846153846154 5654734.38705811 62224.2162770644 105041.396664824
40.5835543766578 5651963.70364244 63208.6798830511 106827.616474512
40.7824933687003 5649150.9319507 64207.0243602714 108642.043689025
40.9814323607427 5646295.60078971 65219.3863621553 110485.012848135
41.1803713527851 5643397.23896625 66245.9025421332 112356.858491615
41.3793103448276 5640455.37528713 67286.7095536351 114257.915159237
41.57824933687 5637469.53855914 68341.9440500913 116188.517390773
41.7771883289125 5634439.25758907 69411.7426849318 118148.999725994
41.9761273209549 5631364.06118374 70496.242111587 120139.696704675
42.1750663129973 5628243.47814993 71595.5789834868 122160.942866585
42.3740053050398 5625077.03729444 72709.8899540616 124213.072751499
42.5729442970822 5621864.26742407 73839.3116767414 126296.420899188
42.7718832891247 5618604.69734562 74983.9808049565 128411.321849423
42.9708222811671 5615297.85586588 76144.0339921371 130558.110141979
43.1697612732095 5611943.26937119 77319.608238674 132737.122390136
43.368700265252 5608540.34877883 78510.857096786 134948.794124383
43.5676392572944 5605088.34131879 79717.9575823347 137193.701098875
43.7665782493369 5601586.48178729 80941.0884934906 139472.429719216
43.9655172413793 5598034.00498056 82180.4286284239 141785.566391013
44.1644562334217 5594430.14569482 83436.156785305 144133.697519872
44.3633952254642 5590774.1387263 84708.4517623043 146517.409511398
44.5623342175066 5587065.21887121 85997.4923575922 148937.288771198
44.7612732095491 5583302.62092578 87303.4573693389 151393.921704876
44.9602122015915 5579485.57968624 88626.5255957149 153887.894718041
45.159151193634 5575613.32994881 89966.8758348905 156419.794216296
45.3580901856764 5571685.10650972 91324.686885036 158990.206605247
45.5570291777188 5567700.14416518 92700.1375443219 161599.718290502
45.7559681697613 5563657.67771142 94093.4066109185 164248.915677665
45.9549071618037 5559556.94194466 95504.6728829961 166938.385172343
46.1538461538462 5555397.17166113 96934.1151587251 169668.713180141
46.3527851458886 5551177.60165706 98381.9122362758 172440.486106666
46.551724137931 5546897.46672866 99848.2429138187 175254.290357522
46.7506631299735 5542556.00167216 101333.285989524 178110.712338316
46.9496021220159 5538152.44128378 102837.220261562 181010.338454655
47.1485411140584 5533686.02035975 104360.224528104 183953.755112143
47.3474801061008 5529155.9736963 105902.477587318 186941.548716386
47.5464190981432 5524561.53608963 107464.158237377 189974.305672991
47.7453580901857 5519901.94233599 109045.44527645 193052.612387563
47.9442970822281 5515176.42723158 110646.517502708 196177.055265709
48.1432360742706 5510384.22557265 112267.55371432 199348.220713033
48.342175066313 5505524.5721554 113908.732709458 202566.695135143
48.5411140583554 5500596.70177606 115570.233286292 205833.064937643
48.7400530503979 5495599.84923087 117252.234242992 209147.91652614
48.9389920424403 5490533.24931603 118954.914377728 212511.836306239
49.1379310344828 5485396.13682778 120678.452488671 215925.410683547
49.3368700265252 5480187.74656234 122423.027373991 219389.226063669
49.5358090185676 5474907.31331593 124188.817831858 222903.868852211
49.7347480106101 5469554.07188478 125976.002660443 226469.925454779
49.9336870026525 5464127.2570651 127784.760657917 230087.982276979
50.132625994695 5458626.10365313 129615.270622448 233758.625724417
50.3315649867374 5453049.84644509 131467.711352209 237482.442202699
50.5305039787798 5447397.7202372 133342.261645369 241260.01811743
50.7294429708223 5441668.95982568 135239.100300099 245091.939874216
50.9283819628647 5435862.80000677 137158.406114569 248978.793878663
51.1273209549072 5429978.47557667 139100.357886949 252921.166536378
51.3262599469496 5424015.22133162 141065.13441541 256919.644252966
51.525198938992 5417972.27206785 143052.914498121 260974.813434032
51.7241379310345 5411848.86258156 145063.876933255 265087.260485183
51.9230769230769 5405644.227669 147098.20051898 269257.571812025
52.1220159151194 5399357.60212637 149156.064053467 273486.333820163
52.3209549071618 5392988.22074991 151237.646334886 277774.132915203
52.5198938992042 5386535.31833584 153343.126161408 282121.555502752
52.7188328912467 5379998.12968038 155472.682331204 286529.187988415
52.9177718832891 5373375.88957976 157626.493642443 290997.616777797
53.1167108753316 5366667.8328302 159804.738893296 295527.428276506
53.315649867374 5359873.19422792 162007.596881933 300119.208890146
53.5145888594164 5352991.20856915 164235.246406525 304773.545024324
53.7135278514589 5346021.11065011 166487.866265242 309491.023084645
53.9124668435013 5338962.13526703 168765.635256254 314272.229476715
54.1114058355438 5331813.51721613 171068.732177732 319117.75060614
54.3103448275862 5324574.49129363 173397.335827846 324028.172878527
54.5092838196286 5317244.29246799 175751.624863274 329004.082668741
54.7082228116711 5309822.38256652 178131.591570396 334046.025863085
54.9071618037135 5302308.89696027 180536.67490238 339154.428137354
55.106100795756 5294704.09544476 182966.211594517 344329.692960718
55.3050397877984 5287008.23781555 185419.538382101 349572.223802348
55.5039787798409 5279221.58386816 187895.992000424 354882.424131417
55.7029177718833 5271344.39339813 190394.909184779 360260.697417093
55.9018567639257 5263376.92620099 192915.626670459 365707.44712855
56.1007957559682 5255319.44207229 195457.481192756 371223.076734958
56.2997347480106 5247172.20080755 198019.809486963 376807.989705488
56.4986737400531 5238935.46220232 200601.948288372 382462.589509312
56.6976127320955 5230609.48605212 203203.234332277 388187.279615599
56.8965517241379 5222194.53215251 205823.004353969 393982.463493522
57.0954907161804 5213690.86029901 208460.595088743 399848.544612251
57.2944297082228 5205098.73028715 211115.343271889 405785.926440958
57.4933687002653 5196418.40191248 213786.585638702 411795.012448814
57.6923076923077 5187650.13497054 216473.658924473 417876.206104989
57.8912466843501 5178794.18925685 219175.899864495 424029.910878655
58.0901856763926 5169850.82456695 221892.645194062 430256.530238984
58.289124668435 5160820.30069639 224623.231648465 436556.467655145
58.4880636604775 5151702.87744069 227366.995962998 442930.12659631
58.6870026525199 5142498.8145954 230123.274872953 449377.910531651
58.8859416445623 5133208.37195604 232891.405113622 455900.222930338
59.0848806366048 5123831.80931816 235670.723420299 462497.467261542
59.2838196286472 5114369.38647729 238460.566528276 469170.046994436
59.4827586206897 5104821.36322897 241260.271172846 475918.365598188
59.6816976127321 5095187.99936873 244069.174089301 482742.826541971
59.8806366047745 5085469.55469211 246886.612012935 489643.833294957
60.079575596817 5075666.28899465 249711.921679039 496621.789326315
60.2785145888594 5065778.46207188 252544.439822907 503677.098105217
60.4774535809019 5055806.33371934 255383.50317983 510810.163100834
60.6763925729443 5045750.16373256 258228.448485103 518021.387782338
60.8753315649867 5035610.21190708 261078.612474017 525311.175618899
61.0742705570292 5025386.73803845 263933.331881866 532679.930079688
61.2732095490716 5015080.00192218 266791.943443941 540128.054633877
61.4721485411141 5004690.26335383 269653.783895536 547655.952750636
61.6710875331565 4994217.78212892 272518.189971943 555264.027899137
61.8700265251989 4983662.81804299 275384.498408455 562952.683548551
62.0689655172414 4973025.63089159 278252.045940365 570722.323168049
62.2679045092838 4962306.48047023 281120.169302965 578573.350226802
62.4668435013263 4951505.62657447 283988.205231548 586506.16819398
62.6657824933687 4940623.32899984 286855.490461406 594521.180538757
62.8647214854111 4929659.84754187 289721.361727833 602618.790730301
63.0636604774536 4918615.44199609 292585.155766121 610799.402237785
63.262599469496 4907490.37215806 295446.209311562 619063.418530379
63.4615384615385 4896284.8978233 298303.85909945 627411.243077255
63.6604774535809 4884999.27878734 301157.441865077 635843.279347583
63.8594164456233 4873633.77484573 304006.294343736 644359.930810535
64.0583554376658 4862188.645794 306849.753270719 652961.600935283
64.2572944297082 4850664.15142769 309687.155381319 661648.693190996
64.4562334217507 4839060.55154233 312517.837410829 670421.611046846
64.6551724137931 4827378.10593346 315341.136094541 679280.757972004
64.8541114058355 4815617.07439661 318156.388167748 688226.537435642
65.053050397878 4803777.71672733 320962.930365743 697259.35290693
65.2519893899204 4791860.29272114 323760.099423819 706379.607855039
65.4509283819629 4779865.06217359 326547.232077267 715587.705749141
65.6498673740053 4767792.28488021 329323.665061382 724884.050058406
65.8488063660477 4755642.22063654 332088.735111455 734269.044252007
66.0477453580902 4743415.12923811 334841.778962779 743743.091799113
66.2466843501326 4731111.27048046 337582.133350647 753306.596168896
66.4456233421751 4718730.90415912 340309.135010351 762959.960830527
66.6445623342175 4706274.29006964 343022.120677185 772703.589253177
66.8435013262599 4693741.68800754 345720.42708644 782537.884906018
67.0424403183024 4681133.35776837 348403.390973411 792463.251258219
67.2413793103448 4668449.55914888 351070.349073568 802480.091777553
67.4403183023873 4655690.81154916 353720.676506456 812588.511944387
67.6392572944297 4642858.62105319 356353.894279355 822787.484667451
67.8381962864721 4629954.72812171 358969.558053696 833075.713824598
68.0371352785146 4616980.87321541 361567.223490907 843451.903293686
68.236074270557 4603938.79679501 364146.44625242 853914.756952567
68.4350132625995 4590830.23932124 366706.781999664 864462.978679098
68.6339522546419 4577656.9412548 369247.786394069 875095.272351134
68.8328912466843 4564420.64305641 371769.015097064 885810.341846529
69.0318302387268 4551123.08518678 374270.023770081 896606.891043139
69.2307692307692 4537766.00810663 376750.368074548 907483.623818819
69.4297082228117 4524351.15227668 379209.603671895 918439.244051425
69.6286472148541 4510880.25815764 381647.286223553 929472.45561881
69.8275862068966 4497355.06621022 384062.971390952 940581.962398831
70.026525198939 4483777.31689514 386456.21483552 951766.468269341
70.2254641909814 4470148.75067311 388826.572218689 963024.677108198
70.4244031830239 4456471.10800486 391173.599201888 974355.292793256
70.6233421750663 4442746.12935109 393496.851446547 985757.019202369
70.8222811671088 4428975.55517251 395795.884614096 997228.560213393
71.0212201591512 4415161.12592985 398070.254365964 1008768.61970418
71.2201591511936 4401304.58208383 400319.516363583 1020375.90155259
71.4190981432361 4387407.66409514 402543.226268381 1032049.10963648
71.6180371352785 4373472.11242451 404740.939741788 1043786.9478337
71.816976127321 4359499.66753266 406912.212445235 1055588.1200221
72.0159151193634 4345492.0698803 409056.600040152 1067451.33007955
72.2148541114058 4331451.05992814 411173.658187967 1079375.28188389
72.4137931034483 4317378.3781369 413262.942550112 1091358.67931299
72.6127320954907 4303275.76496729 415324.008788016 1103400.22624469
72.8116710875332 4289144.96088004 417356.412563108 1115498.62655685
73.0106100795756 4274987.70633584 419359.70953682 1127652.58412734
73.209549071618 4260805.74179543 421333.455370581 1139860.80283399
73.4084880636605 4246600.80771951 423277.20572582 1152121.98655467
73.6074270557029 4232374.6445688 425190.516263968 1164434.83916723
73.8063660477454 4218128.99280401 427072.942646454 1176798.06454953
74.0053050397878 4203865.59288586 428924.040534709 1189210.36657943
74.2042440318302 4189586.18527507 430743.365590162 1201670.44913477
74.4031830238727 4175292.51043234 432530.473474243 1214177.01609341
74.6021220159151 4160986.3088184 434284.919848382 1226728.77133321
74.8010610079576 4146669.32089396 436006.26037401 1239324.41873203
75 4132343.28711973 437694.050712555 1251962.66216771
75.1989389920424 4118009.94795643 439347.846525448 1264642.20551812
75.3978779840849 4103671.04386477 440967.203474119 1277361.75266111
75.5968169761273 4089328.31530548 442551.677219998 1290120.00747453
75.7957559681698 4074983.50273925 444100.823424515 1302915.67383623
75.9946949602122 4060638.34662682 445614.197749098 1315747.45562409
76.1936339522546 4046294.58742888 447091.35585518 1328614.05671594
76.3925729442971 4031953.96560617 448531.853404188 1341514.18098964
76.5915119363395 4017618.22161939 449935.246057554 1354446.53232306
76.790450928382 4003289.09592926 451301.089476706 1367409.81459403
76.9893899204244 3988968.32899649 452628.939323076 1380402.73168043
77.1883289124668 3974657.6612818 453918.351258093 1393423.98746011
77.3872679045093 3960358.83324591 455168.880943187 1406472.28581091
77.5862068965517 3946073.58534952 456380.084039787 1419546.33061069
77.7851458885942 3931803.65805336 457551.516209324 1432644.82573732
77.9840848806366 3917550.79181813 458682.733113228 1445766.47506864
78.183023872679 3903316.72710456 459773.290412928 1458909.98248251
78.3819628647215 3889103.20437335 460822.743769854 1472074.05185679
78.5809018567639 3874911.96408523 461830.648845437 1485257.38706933
78.7798408488064 3860744.74670091 462796.561301106 1498458.69199798
78.9787798408488 3846603.2926811 463720.036798291 1511676.6705206
79.1777188328912 3832489.34248652 464600.630998422 1524910.02651505
79.3766578249337 3818404.63657789 465437.899562928 1538157.46385918
79.5755968169761 3804350.91541591 466231.398153241 1551417.68643085
79.7745358090186 3790329.9194613 466980.682430789 1564689.39810791
79.973474801061 3776343.38917479 467685.308057003 1577971.30276821
80.1724137931034 3762393.06501707 468344.830693313 1591262.10428961
80.3713527851459 3748480.68744888 468958.806001148 1604560.50654998
80.5702917771883 3734607.99693091 469526.789641939 1617865.21342715
80.7692307692308 3720776.7339239 470048.337277114 1631174.92879899
80.9681697612732 3706988.63888855 470523.004568105 1644488.35654335
81.1671087533156 3693245.45228557 470950.347176341 1657804.20053808
81.3660477453581 3679548.91457569 471329.920763251 1671121.16466105
81.5649867374005 3665900.76621962 471661.280990267 1684437.95279011
81.763925729443 3652302.74767807 471943.983518818 1697753.26880311
81.9628647214854 3638756.59941176 472177.584010333 1711065.8165779
82.1618037135278 3625264.0618814 472361.638126243 1724374.29999235
82.3607427055703 3611826.87554771 472495.701527977 1737677.42292431
82.5596816976127 3598446.78087141 472579.329876966 1750973.88925163
82.7586206896552 3585125.5183132 472612.078834639 1764262.40285216
82.9575596816976 3571864.8283338 472593.504062426 1777541.66760377
83.15649867374 3558666.45139393 472523.161221758 1790810.38738431
83.3554376657825 3545532.12795431 472400.605974063 1804067.26607163
83.5543766578249 3532463.59847564 472225.393980773 1817311.00754359
83.7533156498674 3519462.60341864 471997.080903316 1830540.31567804
83.9522546419098 3506530.88324403 471715.222403123 1843753.89435284
84.1511936339522 3493670.17841253 471379.374141624 1856950.44744585
84.3501326259947 3480882.22830568 470989.092493756 1870128.67920056
84.5490716180371 3468168.32098865 470544.232230849 1883287.4467805
84.7480106100796 3455528.59684346 470045.406936707 1896425.99621983
84.946949602122 3442963.01651208 469493.349033672 1909543.63445425
85.1458885941644 3430471.54063649 468888.79094409 1922639.66841942
85.3448275862069 3418054.12985866 468232.465090303 1935713.40505104
85.5437665782493 3405710.74482057 467525.103894654 1948764.15128478
85.7427055702918 3393441.34616418 466767.439779489 1961791.21405633
85.9416445623342 3381245.89453148 465960.205167149 1974793.90030137
86.1405835543767 3369124.35056445 465104.132479979 1987771.51695558
86.3395225464191 3357076.67490504 464199.954140322 2000723.37095464
86.5384615384615 3345102.82819524 463248.402570522 2013648.76923424
86.737400530504 3333202.77107703 462250.210192922 2026547.01873005
86.9363395225464 3321376.46419237 461206.109429866 2039417.42637777
87.1352785145889 3309623.86818324 460116.832703698 2052259.29911306
87.3342175066313 3297944.94369162 458983.112436761 2065071.94387162
87.5331564986737 3286339.65135948 457805.681051398 2077854.66758913
87.7320954907162 3274807.95182879 456585.270969954 2090606.77720126
87.9310344827586 3263349.80574153 455322.614614772 2103327.5796437
88.1299734748011 3251965.17373968 454018.444408195 2116016.38185213
88.3289124668435 3240654.0164652 452673.492772567 2128672.49076223
88.5278514588859 3229416.29456007 451288.492130232 2141295.2133097
88.7267904509284 3218251.96866627 449864.174903533 2153883.85643019
88.9257294429708 3207160.99942578 448401.273514813 2166437.72705941
89.1246684350133 3196143.34748055 446900.520386418 2178956.13213303
89.3236074270557 3185198.97347258 445362.647940688 2191438.37858673
89.5225464190981 3174327.83804383 443788.38859997 2203883.7733562
89.7214854111406 3163529.90183628 442178.474786605 2216291.62337711
89.920424403183 3152805.12549191 440533.638922938 2228661.23558516
90.1193633952255 3142153.46965267 438854.613431313 2240991.91691601
90.3183023872679 3131574.89496057 437142.130734072 2253282.97430536
90.5172413793103 3121069.36205756 435396.92325356 2265533.71468888
90.7161803713528 3110636.83158561 433619.723412119 2277743.44500227
90.9151193633952 3100277.26418672 431811.263632094 2289911.47218119
91.1140583554377 3089990.62050284 429972.276335828 2302037.10316133
91.3129973474801 3079776.86117596 428103.493945665 2314119.64487838
91.5119363395225 3069635.94684804 426205.648883948 2326158.40426801
91.710875331565 3059567.83816107 424279.473573021 2338152.68826591
91.9098143236074 3049572.49575702 422325.700435228 2350101.80380775
92.1087533156499 3039649.88027785 420345.061892911 2362005.05782923
92.3076923076923 3029799.95236556 418338.290368415 2373861.75726603
92.5066312997348 3020022.6726621 416306.118284084 2385671.20905382
92.7055702917772 3010318.00180946 414249.27806226 2397432.72012828
92.9045092838196 3000685.9004496 412168.502125287 2409145.59742511
93.1034482758621 2991126.32922451 410064.522895509 2420809.14787998
93.3023872679045 2981639.24877616 407938.07279527 2432422.67842857
93.501326259947 2972224.61974652 405789.884246913 2443985.49600657
93.7002652519894 2962882.40277757 403620.689672781 2455496.90754965
93.8992042440318 2953612.55851128 401431.221495219 2466956.2199935
94.0981432360743 2944415.04758962 399222.212136569 2478362.74027381
94.2970822281167 2935289.83065458 396994.394019176 2489715.77532625
94.4960212201592 2926236.86834811 394748.499565383 2501014.6320865
94.6949602122016 2917256.12131221 392485.261197534 2512258.61749026
94.893899204244 2908347.55018884 390205.411337971 2523447.03847319
95.0928381962865 2899511.11561998 387909.68240904 2534579.20197098
95.2917771883289 2890746.7782476 385598.806833082 2545654.41491932
95.4907161803714 2882054.49871368 383273.517032443 2556671.98425388
95.6896551724138 2873434.23766018 380934.545429464 2567631.21691035
95.8885941644562 2864885.95572909 378582.624446491 2578531.41982441
96.0875331564987 2856409.61356239 376218.486505867 2589371.89993174
96.2864721485411 2848005.17180203 373842.864029935 2600151.96416803
96.4854111405836 2839672.59109001 371456.489441038 2610870.91946895
96.684350132626 2831411.83206829 369060.095161521 2621528.07277019
96.8832891246684 2823222.85537884 366654.413613727 2632122.73100743
97.0822281167109 2815105.62166365 364240.177219999 2642654.20111635
97.2811671087533 2807060.09156468 361818.118402681 2653121.79003264
97.4801061007958 2799086.22572391 359388.969584117 2663524.80469197
97.6790450928382 2791183.98478332 356953.46318665 2673862.55203003
97.8779840848806 2783353.32938488 354512.331632624 2684134.3389825
98.0769230769231 2775594.22017056 352066.307344383 2694339.47248505
98.2758620689655 2767906.61778234 349616.122744269 2704477.25947339
98.474801061008 2760290.48286219 347162.510254627 2714547.00688318
98.6737400530504 2752745.77605209 344706.2022978 2724548.02165011
98.8726790450928 2745272.45799401 342247.931296132 2734479.61070985
99.0716180371353 2737870.48932993 339788.429671966 2744341.0809981
99.2705570291777 2730539.83070182 337328.429847646 2754131.73945054
99.4694960212202 2723280.44275165 334868.664245515 2763850.89300284
99.6684350132626 2716092.2861214 332409.865287918 2773497.84859068
99.867374005305 2708975.32145304 329952.765397197 2783071.91314976
100.066312997347 2701929.50938855 327498.096995696 2792572.39361575
100.26525198939 2694954.81056991 325046.592505759 2801998.59692433
100.464190981432 2688051.18563908 322598.984349729 2811349.83001119
100.663129973475 2681218.59523804 320156.004949951 2820625.39981201
100.862068965517 2674457.00000877 317718.386728766 2829824.61326246
101.06100795756 2667766.35164627 315286.851407124 2838946.7969466
101.259946949602 2661146.36401484 312861.836238378 2847991.79974679
101.458885941645 2654596.49384932 310443.470925279 2856960.0352254
101.657824933687 2648116.18507054 308031.869843769 2865851.94508569
101.856763925729 2641704.88159929 305627.147369792 2874667.97103092
102.055702917772 2635362.02735638 303229.417879291 2883408.55476433
102.254641909814 2629087.06626261 300838.795748209 2892074.13798918
102.453580901857 2622879.44223878 298455.395352488 2900665.16240873
102.652519893899 2616738.5992057 296079.331068071 2909182.06972622
102.851458885942 2610663.98108418 293710.717270902 2917625.30164492
103.050397877984 2604655.03179501 291349.668336923 2925995.29986807
103.249336870027 2598711.195259 288996.298642077 2934292.50609892
103.448275862069 2592831.91539696 286650.722562307 2942517.36204073
103.647214854111 2587016.63612969 284313.054473557 2950670.30939676
103.846153846154 2581264.80137798 281983.408751768 2958751.78987025
104.045092838196 2575575.85506266 279661.899772884 2966762.24516446
104.244031830239 2569949.24110451 277348.641912847 2974702.11698264
104.442970822281 2564384.40342435 275043.749547602 2982571.84702805
104.641909814324 2558880.78594297 272747.33705309 2990371.87700394
104.840848806366 2553437.83258119 270459.518805254 2998102.64861356
105.039787798408 2548054.9872598 268180.409180038 3005764.60356016
105.238726790451 2542731.69389961 265910.122553384 3013358.183547
105.437665782493 2537467.39642143 263648.773301235 3020883.83027734
105.636604774536 2532261.53874605 261396.475799534 3028341.98545442
105.835543766578 2527113.56479428 259153.344424225 3035733.09078149
106.034482758621 2522022.91848693 256919.493551249 3043057.58796182
106.233421750663 2516989.0437448 254695.03755655 3050315.91869865
106.432360742706 2512011.38448869 252480.090816071 3057508.52469524
106.631299734748 2507089.38463941 250274.767705755 3064635.84765484
106.83023872679 2502222.48811775 248079.182601544 3071698.3292807
107.029177718833 2497410.13884454 245893.449879382 3078696.41127608
107.228116710875 2492651.78074056 243717.683915211 3085630.53534423
107.427055702918 2487946.85772662 241551.999084975 3092501.14318841
107.62599469496 2483294.81372353 239396.509764615 3099308.67651186
107.824933687003 2478695.09265209 237251.330330076 3106053.57701784
108.023872679045 2474147.1384331 235116.5751573 3112736.2864096
108.222811671088 2469650.39498737 232992.35862223 3119357.2463904
108.42175066313 2465204.3062357 230878.795100809 3125916.89866349
108.620689655172 2460808.3160989 228775.99896898 3132415.68493212
108.819628647215 2456461.86849777 226684.084602685 3138854.04689955
109.018567639257 2452164.40735311 224603.166377868 3145232.42626902
109.2175066313 2447915.37658573 222533.358670472 3151551.2647438
109.416445623342 2443714.22011642 220474.775856439 3157811.00402714
109.615384615385 2439560.38186601 218427.532311712 3164012.08582228
109.814323607427 2435453.30575528 216391.742412235 3170154.95183248
110.013262599469 2431392.43570505 214367.52053395 3176240.043761
110.212201591512 2427377.21563611 212354.9810528 3182267.80331109
110.411140583554 2423407.08946928 210354.238344728 3188238.672186
110.610079575597 2419481.50112534 208365.406785676 3194153.09208898
110.809018567639 2415599.89452512 206388.600751589 3200011.50472329
111.007957559682 2411761.71358941 204423.934618409 3205814.35179218
111.206896551724 2407966.40223901 202471.522762078 3211562.07499891
111.405835543767 2404213.40439474 200531.47955854 3217255.11604672
111.604774535809 2400502.16397739 198603.919383737 3222893.91663887
111.803713527851 2396832.12490777 196688.956613613 3228478.91847862
112.002652519894 2393202.73110667 194786.70562411 3234010.56326922
112.201591511936 2389613.42649492 192897.280791171 3239489.29271391
112.400530503979 2386063.6549933 191020.79649074 3244915.54851596
112.599469496021 2382552.86052263 189157.367098758 3250289.77237861
112.798408488064 2379080.48700371 187307.10699117 3255612.40600513
112.997347480106 2375645.97835733 185470.130543917 3260883.89109875
113.196286472149 2372248.77850431 183646.552132943 3266104.66936274
113.395225464191 2368888.33136545 181836.486134191 3271275.18250035
113.594164456233 2365564.08086156 180040.046923604 3276395.87221484
113.793103448276 2362275.50117914 178257.330987608 3281467.16783326
113.992042440318 2359022.25159504 176488.325409068 3286489.42299589
114.190981432361 2355804.06133222 174732.975926974 3291462.96274081
114.389920424403 2352620.65974394 172991.228203272 3296388.11205279
114.588859416446 2349471.7761835 171263.027899906 3301265.19591659
114.787798408488 2346357.14000419 169548.320678822 3306094.53931699
114.986737400531 2343276.48055929 167847.052201964 3310876.46723875
115.185676392573 2340229.52720208 166159.168131279 3315611.30466664
115.384615384615 2337216.00928585 164484.61412871 3320299.37658544
115.583554376658 2334235.6561639 162823.335856205 3324941.0079799
115.7824933687 2331288.19718949 161175.278975706 3329536.5238348
115.981432360743 2328373.36171593 159540.38914916 3334086.24913491
116.180371352785 2325490.87909649 157918.612038511 3338590.508865
116.379310344828 2322640.47868446 156309.893305706 3343049.62800984
116.57824933687 2319821.88983313 154714.178612688 3347463.93155418
116.777188328912 2317034.84189578 153131.413621404 3351833.74448282
116.976127320955 2314279.0642257 151561.543993797 3356159.3917805
117.175066312997 2311554.28617618 150004.515391814 3360441.19843201
117.37400530504 2308860.2371005 148460.2734774 3364679.4894221
117.572944297082 2306196.64635194 146928.763912499 3368874.58973556
117.771883289125 2303563.2432838 145409.932359057 3373026.82435714
117.970822281167 2300959.75724936 143903.724479019 3377136.51827162
118.16976127321 2298385.9176019 142410.08593433 3381203.99646377
118.368700265252 2295841.45369472 140928.962386935 3385229.58391835
118.567639257294 2293326.09488109 139460.299498779 3389213.60562013
118.766578249337 2290839.5705143 138004.042931808 3393156.38655389
118.965517241379 2288381.60994765 136560.138347966 3397058.25170439
119.164456233422 2285951.9425344 135128.5314092 3400919.5260564
119.363395225464 2283550.29762786 133709.167777453 3404740.53459469
119.562334217507 2281176.40458131 132301.993114671 3408521.60230402
119.761273209549 2278829.99274802 130906.953082799 3412263.05416918
119.960212201592 2276510.7914813 129523.993343782 3415965.21517492
120.159151193634 2274218.53013442 128153.059559566 3419628.41030601
120.358090185676 2271952.93806067 126794.097392096 3423252.96454723
120.557029177719 2269713.74461334 125447.052503316 3426839.20288335
120.755968169761 2267500.67914571 124111.870555172 3430387.45029912
120.954907161804 2265313.47101107 122788.497209609 3433898.03177932
121.153846153846 2263151.8495627 121476.878128572 3437371.27230873
121.352785145889 2261015.54415389 120176.958974006 3440807.4968721
121.551724137931 2258904.28413793 118888.685407857 3444207.03045421
121.750663129973 2256817.7988681 117612.003092069 3447570.19803983
121.949602122016 2254755.81769769 116346.857688588 3450897.32461372
122.148541114058 2252718.06997998 115093.194859359 3454188.73516066
122.347480106101 2250704.28506827 113850.960266326 3457444.75466541
122.546419098143 2248714.19231583 112620.099571436 3460665.70811274
122.745358090186 2246747.52107595 111400.558436633 3463851.92048742
122.944297082228 2244804.00070192 110192.282523862 3467003.71677422
123.143236074271 2242883.36054702 108995.217495069 3470121.42195791
123.342175066313 2240985.32996454 107809.309012198 3473205.36102326
123.541114058355 2239109.63830777 106634.502737196 3476255.85895504
123.740053050398 2237256.01492999 105470.744332006 3479273.24073801
123.93899204244 2235424.18918448 104317.979458574 3482257.83135694
124.137931034483 2233613.89042454 103176.153778845 3485209.95579661
124.336870026525 2231824.84800345 102045.212954765 3488129.93904178
124.535809018568 2230056.7912745 100925.102648278 3491018.10607722
124.73474801061 2228309.44959096 99815.7685213292 3493874.78188771
124.933687002653 2226582.55230614 98717.1562358645 3496700.291458
125.132625994695 2224875.82877331 97629.2114538288 3499494.95977287
125.331564986737 2223189.00834575 96551.879837167 3502259.11181708
125.53050397878 2221521.82037676 95485.1070478244 3504993.07257541
125.729442970822 2219873.99421963 94428.838747746 3507697.16703263
125.928381962865 2218245.25922763 93383.020598877 3510371.7201735
126.127320954907 2216635.34475405 92347.5982631627 3513017.05698279
126.32625994695 2215043.98015218 91322.517402548 3515633.50244527
126.525198938992 2213470.89734691 90307.7232945245 3518221.37935857
126.724137931034 2211915.88457227 89303.1527983936 3520780.96262934
126.923076923077 2210378.7848386 88308.7345844216 3523312.48057698
127.122015915119 2208859.44342122 87324.396984263 3525816.15959451
127.320954907162 2207357.70559546 86350.0683295725 3528292.22607497
127.519893899204 2205873.41663662 85385.6769520048 3530740.90641137
127.718832891247 2204406.42182004 84431.1511832144 3533162.42699675
127.917771883289 2202956.56642101 83486.419354856 3535557.01422413
128.116710875332 2201523.69571487 82551.4097985842 3537924.89448655
128.315649867374 2200107.65497692 81626.0508460538 3540266.29417702
128.514588859416 2198708.28948249 80710.2708289191 3542581.43968859
128.713527851459 2197325.4445069 79803.998078835 3544870.55741427
128.912466843501 2195958.96532546 78907.160927456 3547133.87374709
129.111405835544 2194608.69721348 78019.6877064368 3549371.61508008
129.310344827586 2193274.4854463 77141.5067474321 3551584.00780627
129.509283819629 2191956.17529921 76272.5463820963 3553771.27831869
129.708222811671 2190653.61204755 75412.7349420842 3555933.65301036
129.907161803714 2189366.64096663 74562.0007590504 3558071.35827432
130.106100795756 2188095.10733177 73720.2721646495 3560184.62050358
130.305039787798 2186838.85641828 72887.4774905363 3562273.66609118
130.503978779841 2185597.73350148 72063.5450683651 3564338.72143015
130.702917771883 2184371.5838567 71248.4032297908 3566380.01291351
130.901856763926 2183160.25275924 70441.9803064679 3568397.7669343
131.100795755968 2181963.58548442 69644.2046300511 3570392.20988553
131.299734748011 2180781.42730757 68855.0045321951 3572363.56816024
131.498673740053 2179613.623504 68074.3083445543 3574312.06815145
131.697612732095 2178460.01934902 67302.0443987835 3576237.93625219
131.896551724138 2177320.46011796 66538.1410265373 3578141.3988555
132.09549071618 2176194.79108614 65782.5265594704 3580022.68235439
132.294429708223 2175082.85752886 65035.1293292373 3581882.0131419
132.493368700265 2173984.50472145 64295.8776674926 3583719.61761105
132.692307692308 2172899.57793923 63564.6999058911 3585535.72215488
132.89124668435 2171827.92245751 62841.5243760873 3587330.5531664
133.090185676393 2170769.38355161 62126.279409736 3589104.33703865
133.289124668435 2169723.80649685 61418.8933384916 3590857.30016466
133.488063660477 2168691.03656855 60719.2944940088 3592589.66893744
133.68700265252 2167670.91904202 60027.4112079424 3594301.66975004
133.885941644562 2166663.29919258 59343.1718119468 3595993.52899548
134.084880636605 2165668.02229555 58666.5046376768 3597665.47306678
134.283819628647 2164684.93362624 57997.3380167868 3599317.72835697
134.48275862069 2163713.87845998 57335.6002809318 3600950.52125909
134.681697612732 2162754.70207208 56681.2197617661 3602564.07816615
134.880636604775 2161807.24973786 56034.1247909444 3604158.6254712
135.079575596817 2160871.36673263 55394.2437001215 3605734.38956724
135.278514588859 2159946.89833172 54761.5048209518 3607291.59684733
135.477453580902 2159033.68981044 54135.8364850901 3608830.47370447
135.676392572944 2158131.58644411 53517.167024191 3610351.24653169
135.875331564987 2157240.43350805 52905.424769909 3611854.14172204
136.074270557029 2156360.07627757 52300.5380538989 3613339.38566853
136.273209549072 2155490.360028 51702.4352078152 3614807.20476419
136.472148541114 2154631.13030984 51111.0445266925 3616257.82516347
136.671087533156 2153782.24530605 50526.2926245829 3617691.46206937
136.870026525199 2152943.5808254 49948.1037700958 3619108.3154045
137.068965517241 2152115.01398539 49376.4020576885 3620508.58395692
137.267904509284 2151296.42190352 48811.1115818185 3621892.46651466
137.466843501326 2150487.6816973 48252.1564369432 3623260.16186576
137.665782493369 2149688.67048422 47699.4607175199 3624611.86879826
137.864721485411 2148899.26538178 47152.9485180061 3625947.78610021
138.063660477454 2148119.34350749 46612.5439328591 3627268.11255965
138.262599469496 2147348.78197885 46078.1710565364 3628573.04696462
138.461538461538 2146587.45791336 45549.7539834954 3629862.78810315
138.660477453581 2145835.24842851 45027.2168081933 3631137.53476329
138.859416445623 2145092.03064183 44510.4836250878 3632397.48573309
139.058355437666 2144357.68167079 43999.4785286361 3633642.83980057
139.257294429708 2143632.07863291 43494.1256132956 3634873.79575379
139.456233421751 2142915.09864569 42994.3489735239 3636090.55238078
139.655172413793 2142206.61882663 42500.0727037781 3637293.30846959
139.854111405836 2141506.51629323 42011.2208985158 3638482.26280825
140.053050397878 2140814.66816299 41527.7176521944 3639657.61418482
140.25198938992 2140130.95155341 41049.4870592712 3640819.56138732
140.450928381963 2139455.243582 40576.4532142036 3641968.3032038
140.649867374005 2138787.42136625 40108.5402114491 3643104.0384223
140.848806366048 2138127.36202368 39645.6721454651 3644226.96583086
141.04774535809 2137474.94267177 39187.7731107089 3645337.28421752
141.246684350133 2136830.04042803 38734.7672016379 3646435.19237033
141.445623342175 2136192.53240996 38286.5785127096 3647520.88907733
141.644562334218 2135562.29573507 37843.1311383813 3648594.57312655
141.84350132626 2134939.20752085 37404.3491731104 3649656.44330604
142.042440318302 2134323.14488481 36970.1567113544 3650706.69840384
142.241379310345 2133713.98494445 36540.4778475706 3651745.53720798
142.440318302387 2133111.60481726 36115.2366762165 3652773.15850652
142.63925729443 2132515.88162076 35694.3572917494 3653789.76108749
142.838196286472 2131926.69247244 35277.7637886268 3654795.54373893
143.037135278515 2131343.91448981 34865.380261306 3655790.70524889
143.236074270557 2130767.42479036 34457.1308042444 3656775.4444054
143.435013262599 2130197.10049159 34052.9395118994 3657749.95999651
143.633952254642 2129632.81871102 33652.7304787285 3658714.45081025
143.832891246684 2129074.45656614 33256.427799189 3659669.11563467
144.031830238727 2128521.89117444 32863.9555677383 3660614.15325782
144.230769230769 2127974.99965345 32475.2378788339 3661549.76246772
144.429708222812 2127433.65912064 32090.1988269331 3662476.14205243
144.628647214854 2126897.74669353 31708.7625064933 3663393.49079998
144.827586206897 2126367.13948962 31330.853011972 3664302.00749841
145.026525198939 2125841.71462641 30956.3944378265 3665201.89093577
145.225464190981 2125321.3492214 30585.3108785142 3666093.33990009
145.424403183024 2124805.92039209 30217.5264284925 3666976.55317942
145.623342175066 2124295.30525598 29852.9651822189 3667851.7295618
145.822281167109 2123789.38093058 29491.5512341507 3668719.06783527
146.021220159151 2123288.02453338 29133.2086787453 3669578.76678787
146.220159151194 2122791.1131819 28777.8616104601 3670431.02520764
146.419098143236 2122298.52482506 28425.4347179735 3671276.04045697
146.618037135279 2121810.31875748 28075.9822965727 3672113.69894595
146.816976127321 2121326.96140442 27729.8496152171 3672943.18898036
147.015915119363 2120848.97467195 27387.421594656 3673763.60373339
147.214854111406 2120376.88046615 27049.0831556392 3674574.03637821
147.413793103448 2119911.20069308 26715.2192189162 3675373.58008801
147.612732095491 2119452.45725882 26386.2147052364 3676161.32803595
147.811671087533 2119001.17206944 26062.4545353496 3676936.37339521
148.010610079576 2118557.86703101 25744.3236300052 3677697.80933898
148.209549071618 2118123.06404962 25432.2069099528 3678444.72904043
148.40848806366 2117697.28503132 25126.489295942 3679176.22567274
148.607427055703 2117281.0518822 24827.5557087224 3679891.39240908
148.806366047745 2116874.88650832 24535.7910690434 3680589.32242264
149.005305039788 2116479.31081576 24251.5802976547 3681269.10888659
149.20424403183 2116094.84671059 23975.3083153059 3681929.84497411
149.403183023873 2115722.01609888 23707.3600427464 3682570.62385837
149.602122015915 2115361.34088671 23448.1204007259 3683190.53871256
149.801061007958 2115013.34298015 23197.974309994 3683788.68270985
150 2114678.54428528 22957.3066913001 3684364.14902342
