0 5819000 2100 900
0.198412698412698 5818829.58127833 2199.37330476709 971.045416904904
0.396825396825397 5818650.90441412 2303.55964861871 1045.53593726408
0.595238095238095 5818463.91427502 2412.59104370311 1123.49468127692
0.793650793650794 5818268.13387235 2526.74586742728 1205.12026021998
0.992063492063492 5818063.07256658 2646.3096916369 1290.61774177834
1.19047619047619 5817848.26656597 2771.55159374377 1380.18184028249
1.38888888888889 5817623.25340548 2902.73983607277 1474.00675844278
1.58730158730159 5817387.5695255 3040.1433465457 1572.28712795657
1.78571428571429 5817140.7173759 3184.05172209461 1675.23090200252
1.98412698412698 5816882.15965041 3334.77873467236 1783.06161491595
2.18253968253968 5816611.35678613 3492.63952843166 1896.0036854352
2.38095238095238 5816327.76922018 3657.94924752523 2014.28153229859
2.57936507936508 5816030.85738965 3831.02303610579 2138.11957424446
2.77777777777778 5815720.08173166 4012.17603832605 2267.74223001114
2.97619047619048 5815394.90268332 4201.72339833873 2403.37391833696
3.17460317460317 5815054.77660283 4399.9825964669 2545.24080069832
3.37301587301587 5814698.97625348 4607.37626592393 2693.64748060164
3.57142857142857 5814326.52032 4824.47256187239 2849.00711812345
3.76984126984127 5813936.4088434 5051.85031759352 3011.74083901105
3.96825396825397 5813527.64186462 5290.08836636856 3182.26976901174
4.16666666666667 5813099.21942465 5539.76554147876 3361.01503387285
4.36507936507936 5812650.14156445 5801.46067620537 3548.39775934167
4.56349206349206 5812179.408325 6075.75260382963 3744.83907116551
4.76190476190476 5811686.01974728 6363.22015763279 3950.76009509168
4.96031746031746 5811168.97587224 6664.4421708961 4166.58195686749
5.15873015873016 5810627.27674086 6979.99747690079 4392.72578224025
5.35714285714286 5810059.92239412 7310.46490892812 4629.61269695726
5.55555555555556 5809465.91287297 7656.42330025933 4877.66382676584
5.75396825396825 5808844.24821841 8018.45148417567 5137.30029741328
5.95238095238095 5808193.92847139 8397.12829395838 5408.94323464691
6.15079365079365 5807513.9536729 8793.03256288871 5693.01376421401
6.34920634920635 5806803.30802794 9206.75231379633 5989.93965826298
6.54761904761905 5806060.47148446 9639.1681882067 6300.36032732985
6.74603174603175 5805283.32694476 10091.5072912325 6625.16576400859
6.94444444444444 5804469.72275133 10565.0167829162 6965.26046575248
7.14285714285714 5803617.50724669 11060.9438233003 7321.54893001475
7.34126984126984 5802724.52877332 11580.5355724272 7694.93565424867
7.53968253968254 5801788.63567375 12125.0391903394 8086.32513590749
7.73809523809524 5800807.67629048 12695.7018370794 8496.62187244447
7.93650793650794 5799779.498966 13293.7706726896 8926.73036131286
8.13492063492063 5798701.95204282 13920.4928572125 9377.55509996591
8.33333333333333 5797572.88386345 14577.1155506906 9850.00058585689
8.53174603174603 5796390.1427704 15264.8859131663 10344.971316439
8.73015873015873 5795151.57710615 15985.0511046821 10863.3717891656
8.92857142857143 5793855.03521323 16738.8582852805 11406.1065014899
9.12698412698413 5792498.36543413 17527.5546150039 11974.0799508651
9.32539682539682 5791079.41611136 18352.3872538948 12568.1966347446
9.52380952380952 5789596.03558742 19214.6033619956 13189.3610505814
9.72222222222222 5788046.07061183 20115.4509788287 13838.4784093423
9.92063492063492 5786426.75320229 21056.5175328354 14516.7292648731
10.1190476190476 5784733.7733943 22040.2417695406 15225.9848361648
10.3174603174603 5782962.58332387 23069.1937770134 15968.2228991179
10.515873015873 5781108.63512705 24145.9436433231 16745.4212296327
10.7142857142857 5779167.38093985 25273.0614565386 17559.5576036097
10.9126984126984 5777134.27289832 26453.1173047292 18412.6097969493
11.1111111111111 5775004.76313848 27688.6812759638 19306.5555855519
11.3095238095238 5772774.30379637 28982.3234583117 20243.372745318
11.5079365079365 5770438.34700801 30336.613939842 21225.0390521478
11.7063492063492 5767992.34490944 31754.1228086237 22253.5322819419
11.9047619047619 5765431.74963667 33237.420152726 23330.8302106007
12.1031746031746 5762752.01332576 34789.076060218 24458.9106140245
12.3015873015873 5759948.58811272 36411.6606191687 25639.7512681138
12.5 5757016.92613358 38107.7439176475 26875.329948769
12.6984126984127 5753952.47952439 39879.8960437232 28167.6244318904
12.8968253968254 5750750.70042116 41730.6870854651 29518.6124933786
13.0952380952381 5747407.04095992 43662.6871309422 30930.2719091339
13.2936507936508 5743916.92864 45678.4797877604 32404.5915722349
13.4920634920635 5740274.01856316 47781.6212767099 33944.3601601268
13.6904761904762 5736469.03460211 49977.276347107 35553.6890507785
13.8888888888889 5732492.42567579 52270.7606307127 37236.8136934982
14.0873015873016 5728334.64070312 54667.3897592878 38997.9695375937
14.2857142857143 5723986.12860303 57172.479364593 40841.3920323732
14.484126984127 5719437.33829447 59791.3450783891 42771.3166271448
14.6825396825397 5714678.71869635 62529.302532437 44791.9787712163
14.8809523809524 5709700.71872761 65391.6673584975 46907.6139138958
15.0793650793651 5704493.78730718 68383.7551883314 49122.4575044915
15.2777777777778 5699048.37335399 71510.8816536994 51440.7449923112
15.4761904761905 5693354.92578697 74778.3623863624 53866.7118266631
15.6746031746032 5687403.89352506 78191.5130180812 56404.5934568551
15.8730158730159 5681185.72548719 81755.6491806166 59058.6253321953
16.0714285714286 5674690.87059228 85476.0865057294 61833.0429019918
16.2698412698413 5667909.77775927 89358.1406251804 64732.0816155525
16.468253968254 5660832.89590708 93407.1271707304 67759.9769221855
16.6666666666667 5653450.67395466 97628.3617741402 70920.9642711987
16.8650793650794 5645753.56063728 102027.160131299 74219.2792314245
17.0634920634921 5637730.76794146 106609.269791262 77659.96226728
17.2619047619048 5629367.32240178 111381.899796918 81250.7778013067
17.4603174603175 5620647.36601942 116352.568056266 85000.0659243135
17.6587301587302 5611555.04079558 121528.792477307 88916.1667271086
17.8571428571429 5602074.48873146 126918.09096804 93007.4203005007
18.0555555555556 5592189.85182824 132527.981436463 97282.1667352982
18.2539682539683 5581885.27208711 138365.981790577 101748.74612231
18.452380952381 5571144.89150928 144439.609938381 106415.498552344
18.6507936507936 5559952.85209592 150756.383787874 111290.764116209
18.8492063492063 5548293.29584823 157323.821247055 116382.882904715
19.047619047619 5536150.36476741 164149.440223924 121700.195008668
19.2460317460317 5523508.20085464 171240.75862648 127251.040518878
19.4444444444444 5510350.94611112 178605.294362723 133043.759526153
19.6428571428571 5496662.74253805 186250.565340652 139086.692121302
19.8412698412698 5482427.7321366 194184.089468267 145388.178395134
20.0396825396825 5467630.05690798 202413.384653565 151956.558438456
20.2380952380952 5452253.85885337 210945.968804549 158800.172342078
20.4365079365079 5436283.27997398 219789.359829215 165927.360196809
20.6349206349206 5419702.44190219 228951.063878708 173346.494219106
20.8333333333333 5402494.36856835 238437.953511148 181067.677920501
21.031746031746 5384640.4503956 248255.958425186 189103.591179212
21.2301587301587 5366121.94494055 258410.931628988 197467.123430461
21.4285714285714 5346920.10975981 268908.726130723 206171.164109469
21.6269841269841 5327016.20240998 279755.194938558 215228.602651457
21.8253968253968 5306391.48044769 290956.191060661 224652.328491647
22.0238095238095 5285027.20142954 302517.567505198 234455.231065261
22.2222222222222 5262904.62291214 314445.177280339 244650.19980752
22.4206349206349 5240005.00245211 326744.873394249 255250.124153646
22.6190476190476 5216309.59760604 339422.508855096 266267.89353886
22.8174603174603 5191799.66593057 352483.936671049 277716.397398384
23.015873015873 5166456.46498229 365935.009850274 289608.525167439
23.2142857142857 5140261.25231781 379781.581400939 301957.166281247
23.4126984126984 5113195.28549376 394029.504331212 314775.210175029
23.6111111111111 5085239.82206673 408684.631649259 328075.546284007
23.8095238095238 5056376.11959335 423752.816363249 341871.064043403
24.0079365079365 5026585.43563021 439239.91148135 356174.652888438
24.2063492063492 4995849.02773394 455151.770011727 370999.202254333
24.4047619047619 4964148.15346114 471494.24496255 386357.60157631
24.6031746031746 4931465.75138587 488271.721469292 402262.527144844
24.8015873015873 4897807.78890402 505468.475786967 418723.735309015
25 4863196.93380767 523054.201302557 435748.864889775
25.1984126984127 4827656.22811588 540998.264626185 453345.507257931
25.3968253968254 4791208.71384773 559270.032367974 471521.253784293
25.5952380952381 4753877.43302229 577838.871138046 490283.695839666
25.7936507936508 4715685.42765862 596674.147546523 509640.424794859
25.9920634920635 4676655.73977579 615745.228203531 529599.032020681
26.1904761904762 4636811.41139287 635021.47971919 550167.108887937
26.3888888888889 4596175.48452894 654472.268703623 571352.246767437
26.5873015873016 4554771.00120306 674066.961766954 593162.037029987
26.7857142857143 4512621.0034343 693774.925519305 615604.071046396
26.984126984127 4469748.53324173 713565.526570798 638685.940187472
27.1825396825397 4426176.63264442 733408.131531558 662415.235824021
27.3809523809524 4381928.34366144 753272.107011706 686799.549326852
27.5793650793651 4337026.70831186 773126.819621365 711846.472066773
27.7777777777778 4291494.76861475 792941.635970658 737563.59541459
27.9761904761905 4245355.56658918 812685.922669708 763958.510741113
28.1746031746032 4198632.14425422 832329.046328638 791038.809417148
28.3730158730159 4151347.54362893 851840.373557569 818812.082813503
28.5714285714286 4103524.80673239 871189.270966627 847285.922300987
28.7698412698413 4055186.97558366 890345.105165932 876467.919250406
28.968253968254 4006357.10668397 909277.250950026 906365.642366002
29.1666666666667 3957063.28194745 927957.923166753 936978.794885802
29.3650793650794 3907345.95448792 946366.328102738 968287.71740934
29.5634920634921 3857247.44703578 964482.728636516 1000269.8243277
29.7619047619048 3806810.08232141 982287.387646619 1032902.53003197
29.9603174603175 3756076.18307519 999760.568011582 1066163.24891323
30.1587301587302 3705088.0720275 1016882.53260994 1100029.39536257
30.3571428571429 3653888.07190871 1033633.54432022 1134478.38377107
30.5555555555556 3602518.50544921 1049993.86602097 1169487.62852981
30.7539682539683 3551021.69537939 1065943.76059072 1205034.5440299
30.9523809523809 3499439.96442961 1081463.49090799 1241096.54466239
31.1507936507936 3447815.63533027 1096533.31985133 1277651.0448184
31.3492063492063 3396191.03081174 1111133.51029927 1314675.45888899
31.547619047619 3344608.47360441 1125244.32513034 1352147.20126525
31.7460317460317 3293110.28643865 1138846.02722308 1390043.68633827
31.9444444444444 3241738.79204484 1151918.87945602 1428342.32849914
32.1428571428571 3190536.31315338 1164443.14470769 1467020.54213893
32.3412698412698 3139545.17249462 1176399.08585664 1506055.74164874
32.5396825396825 3088807.69279897 1187766.96578138 1545425.34141965
32.7380952380952 3038366.19679679 1198527.04736047 1585106.75584274
32.9365079365079 2988263.00721848 1208659.59347242 1625077.3993091
33.1349206349206 2938540.4467944 1218144.86699578 1665314.68620981
33.3333333333333 2889240.83825495 1226963.13080909 1705796.03093597
33.531746031746 2840406.50433049 1235094.64779086 1746498.84787865
33.7301587301587 2792079.76775142 1242519.68081964 1787400.55142893
33.9285714285714 2744302.95124812 1249218.49277397 1828478.55597791
34.1269841269841 2697118.37755095 1255171.34653237 1869710.27591668
34.3253968253968 2650568.36939032 1260358.50497338 1911073.1256363
34.5238095238095 2604695.24949658 1264760.23097554 1952544.51952788
34.7222222222222 2559541.34060014 1268356.78741737 1994101.87198249
34.9206349206349 2515148.96543136 1271128.43717742 2035722.59739123
35.1190476190476 2471560.44672063 1273055.44313421 2077384.11014516
35.3174603174603 2428809.90759249 1274125.32184015 2119064.77056737
35.515873015873 2386897.39233882 1274355.7372404 2160746.87042079
35.7142857142857 2345814.09304292 1273772.18427045 2202413.72268663
35.9126984126984 2305551.2017704 1272400.15788147 2244048.64034813
36.1111111111111 2266099.91058683 1270265.15302462 2285634.93638855
36.3095238095238 2227451.41155782 1267392.66465106 2327155.92379112
36.5079365079365 2189596.89674894 1263808.18771195 2368594.9155391
36.7063492063492 2152527.5582258 1259537.21715846 2409935.22461574
36.9047619047619 2116234.58805399 1254605.24794174 2451160.16400427
37.1031746031746 2080709.17829909 1249037.77501297 2492253.04668795
37.3015873015873 2045942.52102669 1242860.2933233 2533197.18565001
37.5 2011925.80830239 1236098.29782389 2573975.89387372
37.6984126984127 1978650.23219178 1228777.28346591 2614572.48434231
37.8968253968254 1946106.98476044 1220922.74520053 2654970.27003903
38.0952380952381 1914287.25807397 1212560.17797889 2695152.56394713
38.2936507936508 1883182.24419797 1203715.07675218 2735102.67904985
38.4920634920635 1852783.13519801 1194412.93647154 2774803.92833045
38.6904761904762 1823081.1231397 1184679.25208814 2814239.62477216
38.8888888888889 1794067.40008862 1174539.51855315 2853393.08135824
39.0873015873016 1765733.15811036 1164019.23081772 2892247.61107192
39.2857142857143 1738069.58927052 1153143.88383302 2930786.52689647
39.484126984127 1711067.88563468 1141938.97255021 2968993.14181511
39.6825396825397 1684719.23926843 1130429.99192046 3006850.76881111
39.8809523809524 1659014.84223738 1118642.43689492 3044342.7208677
40.0793650793651 1633945.8866071 1106601.80242476 3081452.31096814
40.2777777777778 1609503.56444319 1094333.58346114 3118162.85209567
40.4761904761905 1585679.06781124 1081863.27495523 3154457.65723353
40.6746031746032 1562463.58877684 1069216.37185818 3190320.03936497
40.8730158730159 1539848.31940558 1056418.36912117 3225733.31147325
41.0714285714286 1517824.45108069 1043494.75792989 3260680.79098942
41.2698412698413 1496382.50147549 1030467.31180562 3295150.18671889
41.468253968254 1475511.05236314 1017347.12158958 3329141.82604728
41.6666666666667 1455198.33993616 1004143.37114053 3362658.28892331
41.8650793650794 1435432.60038705 990865.244317238 3395702.15529572
42.0634920634921 1416202.0699083 977521.924978463 3428276.00511324
42.2619047619048 1397494.98469243 964122.596982971 3460382.4183246
42.4603174603175 1379299.58093193 950676.444189525 3492023.97487854
42.6587301587302 1361604.09481932 937192.65045689 3523203.25472379
42.8571428571429 1344396.76254709 923680.399643828 3553922.83780909
43.0555555555556 1327665.82030774 910148.875609104 3584185.30408315
43.2539682539683 1311399.50429379 896607.262211481 3613993.23349473
43.4523809523809 1295586.05069773 883064.743309723 3643349.20599255
43.6507936507936 1280213.69571207 869530.502762594 3672255.80152534
43.8492063492063 1265270.6755293 856013.724428856 3700715.60004184
44.047619047619 1250745.22634195 842523.592167275 3728731.18149078
44.2460317460317 1236625.5843425 829069.289836612 3756305.12582089
44.4444444444444 1222899.98572346 815660.001295634 3783440.01298091
44.6428571428571 1209556.66667734 802304.910403102 3810138.42291956
44.8412698412698 1196583.86339664 789013.20101778 3836402.93558559
45.0396825396825 1183969.81207385 775794.056998432 3862236.13092771
45.2380952380952 1171702.7489015 762656.662203823 3887640.58889468
45.4365079365079 1159770.91007207 749610.200492715 3912618.88943521
45.6349206349206 1148162.53177808 736663.855723872 3937173.61249805
45.8333333333333 1136865.85021202 723826.811756058 3961307.33803192
46.031746031746 1125869.1015664 711108.252448036 3985022.64598556
46.2301587301587 1115160.52203373 698517.36165857 4008322.1163077
46.4285714285714 1104728.34785798 686063.323176752 4031208.32896526
46.6269841269841 1094562.0615931 673753.6342752 4053684.3041317
46.8253968253968 1084655.62398484 661589.732301914 4075754.64371324
47.0238095238095 1075004.00122359 649571.694029251 4097424.30474715
47.2222222222222 1065602.15949975 637699.596229569 4118698.24427068
47.4206349206349 1056445.06500371 625973.515675227 4139581.41932106
47.6190476190476 1047527.68392587 614393.529138581 4160078.78693555
47.8174603174603 1038844.98245661 602959.713391988 4180195.3041514
48.015873015873 1030391.92678634 591672.145207808 4199935.92800586
48.2142857142857 1022163.48310544 580530.901358398 4219305.61553616
48.4126984126984 1014154.61760432 569536.058616114 4238309.32377957
48.6111111111111 1006360.29647336 558687.693753316 4256952.00977332
48.8095238095238 998775.485902964 547985.88354236 4275238.63055468
49.0079365079365 991395.152083522 537430.704755605 4293174.14316087
49.2063492063492 984214.261205429 527022.234165408 4310763.50462916
49.4047619047619 977227.779459079 516760.548544127 4328011.6719968
49.6031746031746 970430.673034866 506645.72466412 4344923.60230101
49.8015873015873 963817.908123184 496677.839297744 4361504.25257907
50 957384.450914428 486856.969217356 4377758.57986822
50.1984126984127 951125.267598992 477183.191195316 4393691.54120569
50.3968253968254 945035.32436727 467656.58200398 4409308.09362875
50.5952380952381 939109.587409656 458277.218415706 4424613.19417464
50.7936507936508 933343.022916545 449045.177202852 4439611.7998806
50.9920634920635 927730.59707833 439960.535137775 4454308.86778389
51.1904761904762 922267.276085407 431023.368992834 4468709.35492176
51.3888888888889 916948.026128168 422233.755540386 4482818.21833145
51.5873015873016 911767.813397008 413591.771552788 4496640.41505021
51.7857142857143 906721.604082322 405097.493802398 4510180.90211528
51.984126984127 901804.364374504 396750.999061575 4523444.63656392
52.1825396825397 897011.060463947 388552.364102676 4536436.57543338
52.3809523809524 892336.720715909 380501.620667799 4549161.65861629
52.5793650793651 887777.71392814 372597.829688339 4561624.45638352
52.7777777777778 883331.701370973 364839.11602004 4573829.18260899
52.9761904761905 878996.396893626 357223.56643829 4585780.03666809
53.1746031746032 874769.51434532 349749.267718476 4597481.21793621
53.3730158730159 870648.767575275 342414.306635986 4608936.92578874
53.5714285714286 866631.87043271 335216.769966208 4620151.35960108
53.7698412698413 862716.536766845 328154.74448453 4631128.71874863
53.968253968254 858900.4804269 321226.316966339 4641873.20260676
54.1666666666667 855181.415262096 314429.574187023 4652389.01055088
54.3650793650794 851557.055121651 307762.602921971 4662680.34195638
54.5634920634921 848025.113854785 301223.489946569 4672751.39619865
54.7619047619048 844583.305310718 294810.322036205 4682606.37265308
54.9603174603175 841229.343338671 288521.185966268 4692249.47069506
55.1587301587302 837960.941787862 282354.168512144 4701684.8897
55.3571428571429 834775.814507512 276307.356449222 4710916.82904327
55.5555555555556 831671.675346841 270378.83655289 4719949.48810027
55.7539682539683 828646.238155068 264566.695598535 4728787.0662464
55.9523809523809 825697.216781413 258869.020361545 4737433.76285704
56.1507936507936 822822.325075096 253283.897617307 4745893.7773076
56.3492063492063 820019.276885336 247809.41414121 4754171.30897345
56.547619047619 817285.786061355 242443.656708641 4762270.55723001
56.7460317460317 814619.56645237 237184.712094988 4770195.72145264
56.9444444444444 812018.331907602 232030.667075639 4777951.00101676
57.1428571428571 809479.961414367 226979.666850106 4785540.37173553
57.3412698412698 807003.053733369 222030.111266177 4792966.83500046
57.5396825396825 804586.403677599 217180.469532877 4800233.12678953
57.7380952380952 802228.806064265 212429.210860728 4807341.98307501
57.9365079365079 799929.055710574 207774.804460247 4814296.13982918
58.1349206349206 797685.947433734 203215.719541956 4821098.33302431
58.3333333333333 795498.276050953 198750.425316373 4827751.29863267
58.531746031746 793364.836379438 194377.390994017 4834257.77262655
58.7301587301587 791284.423236397 190095.085785409 4840620.4909782
58.9285714285714 789255.831439038 185901.978901067 4846842.1896599
59.1269841269841 787277.855804568 181796.53955151 4852925.60464392
59.3253968253968 785349.291150195 177777.23694726 4858873.47190255
59.5238095238095 783468.932293127 173842.540298834 4864688.52740804
59.7222222222222 781635.57405057 169990.918816753 4870373.50713268
59.9206349206349 779848.011239734 166220.841711535 4875931.14704873
60.1190476190476 778105.038677825 162530.778193701 4881364.18312848
60.3174603174603 776405.451182052 158919.197473769 4886675.35134418
60.515873015873 774748.043569621 155384.568762259 4891867.38766812
60.7142857142857 773131.61065774 151925.361269691 4896943.02807257
60.9126984126984 771554.947263618 148540.044206584 4901905.0085298
61.1111111111111 770016.848204461 145227.086783458 4906756.06501208
61.3095238095238 768516.108297478 141984.958210831 4911498.93349169
61.5079365079365 767051.522359876 138812.127699224 4916136.3499409
61.7063492063492 765621.885208862 135707.064459155 4920671.05033198
61.9047619047619 764225.991661645 132668.237701145 4925105.77063721
62.1031746031746 762862.69082527 129694.158055404 4929443.15111933
62.3015873015873 761531.220590295 126783.632769227 4933685.14664048
62.5 760230.988345114 123935.598405968 4937833.41324892
62.6984126984127 758961.402180844 121148.992065116 4941889.60575404
62.8968253968254 757721.870188603 118422.750846162 4945855.37896524
63.0952380952381 756511.800459507 115755.811848595 4949732.3876919
63.2936507936508 755330.601084676 113147.112171905 4953522.28674342
63.4920634920635 754177.680155225 110595.588915582 4957226.73092919
63.6904761904762 753052.445762272 108100.179179114 4960847.37505861
63.8888888888889 751954.305996936 105659.820061992 4964385.87394107
64.0873015873016 750882.668950334 103273.448663706 4967843.88238596
64.2857142857143 749836.942713582 100940.002083744 4971223.05520267
64.484126984127 748816.535377799 98658.4174215975 4974525.0472006
64.6825396825397 747820.855034103 96427.6317767548 4977751.51318914
64.8809523809524 746849.30977361 94246.5822487061 4980904.10797769
65.0793650793651 745901.307687438 92114.205936941 4983984.48637562
65.2777777777778 744976.256866705 90029.439940949 4986994.30319235
65.4761904761905 744073.565402528 87991.2213602199 4989935.21323725
65.6746031746032 743192.641386025 85998.4872942431 4992808.87131973
65.8730158730159 742332.892908313 84050.1748425085 4995616.93224918
66.0714285714286 741493.72806051 82145.2211045057 4998361.05083498
66.2698412698413 740674.554933734 80282.5631797243 5001042.88188654
66.468253968254 739874.781619101 78461.1381676539 5003664.08021325
66.6666666666667 739093.81620773 76679.8831677842 5006226.30062449
66.8650793650794 738331.066790737 74937.7352796047 5008731.19792966
67.0634920634921 737585.950501326 73233.6455677583 5011180.40393092
67.2619047619048 736858.031079931 71566.7915261171 5013575.17739395
67.4603174603175 736146.991205467 69936.5343444649 5015916.47445007
67.6587301587302 735452.516989192 68342.2405137054 5018205.2424971
67.8571428571428 734774.294542363 66783.2765247423 5020442.4289329
68.0555555555556 734112.009976239 65259.0088684794 5022628.98115528
68.2539682539683 733465.349402077 63768.8040358207 5024765.8465621
68.4523809523809 732833.998931134 62312.0285176699 5026853.9725512
68.6507936507936 732217.64467467 60888.0488049308 5028894.3065204
68.8492063492063 731615.97274394 59496.2313885071 5030887.79586755
69.047619047619 731028.669250204 58135.9427593027 5032835.38799049
69.2460317460317 730455.420304719 56806.5494082213 5034738.03028706
69.4444444444444 729895.912018742 55507.4178261668 5036596.67015509
69.6428571428571 729349.830503531 54237.914504043 5038412.25499243
69.8412698412698 728816.861870344 52997.4059327537 5040185.7321969
70.0396825396825 728296.69223044 51785.2586032026 5041918.04916636
70.2380952380952 727789.007695074 50600.8390062935 5043610.15329863
70.4365079365079 727293.494375506 49443.5136329303 5045262.99199156
70.6349206349206 726809.838382993 48312.6489740168 5046877.51264299
70.8333333333333 726337.725828793 47207.6115204567 5048454.66265075
71.031746031746 725876.842824163 46127.7677631538 5049995.38941268
71.2301587301587 725426.875480361 45072.484193012 5051500.64032663
71.4285714285714 724987.509908645 44041.127300935 5052971.36279042
71.6269841269841 724558.432220273 43033.0635778267 5054408.5042019
71.8253968253968 724139.328526502 42047.6595145908 5055813.01195891
72.0238095238095 723729.88493859 41084.2816021311 5057185.83345928
72.2222222222222 723329.792495346 40142.3051566657 5058527.90234799
72.4206349206349 722938.821182892 39221.2468902044 5059839.9319269
72.6190476190476 722556.804544779 38320.7373470385 5061122.45810818
72.8174603174603 722183.577928695 37440.4103026914 5062376.01176861
73.015873015873 721818.976682327 36579.8995326866 5063601.12378499
73.2142857142857 721462.836153362 35738.8388125476 5064798.32503409
73.4126984126984 721114.991689486 34916.8619177978 5065968.14639272
73.6111111111111 720775.278638386 34113.6026239605 5067111.11873765
73.8095238095238 720443.532347749 33328.6947065594 5068227.77294569
74.0079365079365 720119.588165262 32561.7719411178 5069318.63989362
74.2063492063492 719803.281438613 31812.4681031592 5070384.25045823
74.4047619047619 719494.447515487 31080.4169682071 5071425.13551631
74.6031746031746 719192.921743572 30365.2523117849 5072441.82594464
74.8015873015873 718898.539470555 29666.607909416 5073434.85262003
75 718611.136044122 28984.1175366239 5074404.74641925
75.1984126984127 718330.546811961 28317.4149689321 5075352.03821911
75.3968253968254 718056.607121758 27666.133981864 5076277.25889638
75.5952380952381 717789.1523212 27029.9083509431 5077180.93932786
75.7936507936508 717528.017757975 26408.3718516928 5078063.61039033
75.9920634920635 717273.038779768 25801.1582596365 5078925.8029606
76.1904761904762 717024.050734267 25207.9013502977 5079768.04791544
76.3888888888889 716780.888969159 24628.2348992 5080590.87613164
76.5873015873016 716543.38883213 24061.7926818666 5081394.818486
76.7857142857143 716311.385670868 23508.2084738211 5082180.40585531
76.984126984127 716084.71483306 22967.116050587 5082948.16911635
77.1825396825397 715863.213610929 22438.1533331788 5083698.63305589
77.3809523809524 715646.756345989 21921.0372266634 5084432.20642735
77.5793650793651 715435.250608622 21415.5554755573 5085149.19391582
77.7777777777778 715228.605146831 20921.4983348977 5085849.89651827
77.9761904761905 715026.728708618 20438.6560597219 5086534.61523166
78.1746031746032 714829.530041985 19966.818905067 5087203.65105295
78.3730158730159 714636.917894935 19505.7771259702 5087857.3049791
78.5714285714286 714448.801015468 19055.3209774688 5088495.87800706
78.7698412698413 714265.088151586 18615.2407146 5089119.67113381
78.968253968254 714085.688051293 18185.3265924009 5089728.98535631
79.1666666666667 713910.509462589 17765.3688659087 5090324.1216715
79.3650793650794 713739.461133477 17355.1577901607 5090905.38107636
79.5634920634921 713572.451811959 16954.4836201941 5091473.06456785
79.7619047619048 713409.390246037 16563.136611046 5092027.47314292
79.9603174603175 713250.185183712 16180.9070177537 5092568.90779854
80.1587301587302 713094.745372987 15807.5850953544 5093097.66953166
80.3571428571428 712942.979561863 15442.9610988852 5093614.05933925
80.5555555555556 712794.796498343 15086.8252833834 5094118.37821828
80.7539682539683 712650.104930428 14738.9679038862 5094610.92716569
80.9523809523809 712508.81360612 14399.1792154307 5095092.00717845
81.1507936507936 712370.831273423 14067.2494730542 5095561.91925352
81.3492063492063 712236.066680336 13742.9689317939 5096020.96438787
81.547619047619 712104.428574863 13426.127846687 5096469.44357845
81.7460317460317 711975.825705005 13116.5164727707 5096907.65782223
81.9444444444444 711850.166818765 12813.9250650821 5097335.90811615
82.1428571428571 711727.361860914 12518.1465308167 5097754.49160827
82.3412698412698 711607.341908633 12229.0206086184 5098163.63748275
82.5396825396825 711490.056132312 11946.4271334148 5098563.51673427
82.7380952380952 711375.454286667 11670.2472350696 5098954.29847826
82.9365079365079 711263.48612642 11400.3620434467 5099336.15183013
83.1349206349206 711154.101406291 11136.65268841 5099709.2459053
83.3333333333333 711047.249880997 10879.0002998234 5100073.74981918
83.531746031746 710942.88130526 10627.2860075507 5100429.83268719
83.7301587301587 710840.945433798 10381.3909414557 5100777.66362475
83.9285714285714 710741.392021332 10141.1962314025 5101117.41174727
84.1269841269841 710644.170822581 9906.58300725472 5101449.24617016
84.3253968253968 710549.231592264 9677.43239887637 5101773.33600886
84.5238095238095 710456.524085102 9453.62553613127 5102089.85037877
84.7222222222222 710365.998055813 9235.04354888329 5102398.95839531
84.9206349206349 710277.603259117 9021.5675669963 5102700.82917389
85.1190476190476 710191.289449735 8813.07872033414 5102995.63182993
85.3174603174603 710107.006382385 8609.45813876072 5103283.53547886
85.515873015873 710024.703811786 8410.58695213989 5103564.70923607
85.7142857142857 709944.33149266 8216.3462903355 5103839.322217
85.9126984126984 709865.839179725 8026.61728321144 5104107.54353706
86.1111111111111 709789.176627701 7841.28106063155 5104369.54231167
86.3095238095238 709714.293591307 7660.21875245971 5104625.48765623
86.5079365079365 709641.139825264 7483.31148855979 5104875.54868618
86.7063492063492 709569.66508429 7310.44039879566 5105119.89451692
86.9047619047619 709499.819123105 7141.48661303118 5105358.69426386
87.1031746031746 709431.553266767 6976.33493032414 5105592.11180291
87.3015873015873 709364.832752565 6814.90265654392 5105820.26459089
87.5 709299.630086074 6657.12408037292 5106043.24583355
87.6984126984127 709235.917836143 6502.93363833401 5106261.14852552
87.8968253968254 709173.66857162 6352.26576695002 5106474.06566143
88.0952380952381 709112.854861353 6205.05490274378 5106682.0902359
88.2936507936508 709053.449274192 6061.23548223813 5106885.31524357
88.4920634920635 708995.424378983 5920.74194195591 5107083.83367906
88.6904761904762 708938.752744576 5783.50871841998 5107277.738537
88.8888888888889 708883.406939819 5649.47024815317 5107467.12281203
89.0873015873016 708829.35953356 5518.56096767831 5107652.07949876
89.2857142857143 708776.583094648 5390.71531351825 5107832.70159183
89.484126984127 708725.050191931 5265.86772219583 5108009.08208587
89.6825396825397 708674.733394256 5143.95263023388 5108181.31397551
89.8809523809524 708625.605270474 5024.90447415525 5108349.49025537
90.0793650793651 708577.638389431 4908.65769048279 5108513.70392009
90.2777777777778 708530.805319976 4795.14671573932 5108674.04796429
90.4761904761905 708485.078630958 4684.3059864477 5108830.61538259
90.6746031746032 708440.430891225 4576.06993913075 5108983.49916964
90.8730158730159 708396.834669626 4470.37301031132 5109132.79232006
91.0714285714286 708354.262535008 4367.14963651226 5109278.58782848
91.2698412698413 708312.68705622 4266.3342542564 5109420.97868952
91.468253968254 708272.08080211 4167.86130006658 5109560.05789782
91.6666666666667 708232.416341527 4071.66521046564 5109695.91844801
91.8650793650794 708193.666243319 3977.68042197643 5109828.65333471
92.0634920634921 708155.80460137 3885.84494915832 5109958.35044947
92.2619047619048 708118.812027602 3796.11209916948 5110085.07587323
92.4603174603175 708082.670874973 3708.43926399233 5110208.88986104
92.6587301587302 708047.363496462 3622.78383565044 5110329.85266789
92.8571428571428 708012.872245047 3539.10320616744 5110448.02454879
93.0555555555556 707979.179473705 3457.35476756689 5110563.46575873
93.2539682539683 707946.267535415 3377.49591187243 5110676.23655271
93.4523809523809 707914.118783153 3299.48403110763 5110786.39718574
93.6507936507936 707882.715569898 3223.2765172961 5110894.00791281
93.8492063492063 707852.040248627 3148.83076246143 5110999.12898891
94.047619047619 707822.075172319 3076.10415862722 5111101.82066906
94.2460317460317 707792.802693951 3005.05409781707 5111202.14320823
94.4444444444444 707764.205166501 2935.63797205458 5111300.15686145
94.6428571428571 707736.264942947 2867.81317336335 5111395.92188369
94.8412698412698 707708.964376266 2801.53709376697 5111489.49852997
95.0396825396825 707682.285819437 2736.76712528905 5111580.94705528
95.2380952380952 707656.211625437 2673.46065995317 5111670.32771461
95.4365079365079 707630.724147243 2611.57508978294 5111757.70076298
95.6349206349206 707605.805737834 2551.06780680196 5111843.12645536
95.8333333333333 707581.438750188 2491.89620303382 5111926.66504678
96.031746031746 707557.605537282 2434.01767050213 5112008.37679222
96.2301587301587 707534.288452094 2377.38960123047 5112088.32194668
96.4285714285714 707511.469847602 2321.96938724246 5112166.56076516
96.6269841269841 707489.132076784 2267.71442056168 5112243.15350266
96.8253968253968 707467.25755337 2214.58224055517 5112318.16020608
97.0238095238095 707445.835980346 2162.54806514949 5112391.61595451
97.2222222222222 707424.871184371 2111.62136628186 5112463.50744935
97.4206349206349 707404.368610207 2061.81554026163 5112533.81584953
97.6190476190476 707384.333702619 2013.14398339811 5112602.52231399
97.8174603174603 707364.771906368 1965.62009200063 5112669.60800163
98.015873015873 707345.688666219 1919.25726237851 5112735.0540714
98.2142857142857 707327.089426934 1874.06889084108 5112798.84168223
98.4126984126984 707308.979633276 1830.06837369767 5112860.95199303
98.6111111111111 707291.364730008 1787.26910725758 5112921.36616274
98.8095238095238 707274.250161894 1745.68448783016 5112980.06535028
99.0079365079365 707257.641373697 1705.32791172472 5113037.03071458
99.2063492063492 707241.543810179 1666.21277525059 5113092.24341457
99.4047619047619 707225.962916103 1628.3524747171 5113145.68460918
99.6031746031746 707210.904136234 1591.76040643357 5113197.33545733
99.8015873015873 707196.372915333 1556.44996670931 5113247.17711796
100 707182.374698164 1522.43455185366 5113295.19074998
