1E-06 9.999990000005E-07 9.99999E-07 9.99999E-07
0.0303040202020202 0.0293994616645311 0.0293987680472575 0.0293994590695584
0.0606070404040404 0.0570429232666153 0.0570375143326091 0.0570429324779967
0.0909100606060606 0.0830099609621112 0.0829919973771878 0.0830099208051471
0.121213080808081 0.107376023735136 0.10733433810978 0.107375975118695
0.151516101010101 0.130213550073788 0.130135111757815 0.130214943907001
0.181819121212121 0.151592080467722 0.151459443672259 0.151594695337687
0.212122141414141 0.171578365872105 0.171370077651175 0.171580484226624
0.242425161616162 0.190236472278524 0.1899297475051 0.190237554430064
0.272728181818182 0.207627881528612 0.20720057051817 0.207630462670744
0.303031202020202 0.223811588501528 0.223238398082901 0.223816887124897
0.333334222222222 0.238844194801938 0.23809542956532 0.23885054382949
0.363637242424242 0.252779999070826 0.251823818826233 0.252785101205156
0.393940262626263 0.265671084037263 0.264475719726443 0.265674227672529
0.424243282828283 0.277567400425236 0.276103206588035 0.277571513507144
0.454546303030303 0.288516847825721 0.286754003840573 0.2885259518291
0.484849323232323 0.298565352640411 0.296469325871775 0.298579462316442
0.515152343434343 0.307756943199855 0.305289853362105 0.307773362233538
0.545455363636364 0.316133822155255 0.313256266992027 0.316148968844752
0.575758383838384 0.323736436239738 0.320409247442005 0.323747599414451
0.606061404040404 0.330603543491654 0.326789475392504 0.330610571207002
0.636364424242424 0.33677227802925 0.332437569797179 0.33677917060976
0.666667444444444 0.342278212462996 0.33739010135827 0.342290886395759
0.696970464646465 0.347155418028898 0.341677159361735 0.34717579849671
0.727273484848485 0.351436522523226 0.345328250682939 0.351463130948516
0.757576505050505 0.355152766116334 0.348372882197248 0.355182107787077
0.787879525252525 0.358334055120579 0.35084056078003 0.358361953048294
0.818182545454545 0.361009013784731 0.352760793306649 0.361031890768069
0.848485565656566 0.363205034184794 0.354163086652472 0.363221144982303
0.878788585858586 0.364948324278728 0.355076947692865 0.364958939726895
0.909091606060606 0.366263954190227 0.355531699706684 0.366274476609731
0.939394626262626 0.367175900784475 0.35555174915963 0.367193677093549
0.969697646464646 0.367707090596583 0.355156166076174 0.36773576218966
1.00000066666667 0.367879441171361 0.354363752782161 0.367919134934875
1.03030368686869 0.367713900870993 0.353193311603434 0.367762198366003
1.06060670707071 0.367230487205266 0.351663644865837 0.367283355519854
1.09090972727273 0.366448323737067 0.349793554895214 0.366501009433239
1.12121274747475 0.365385675614064 0.347601844017407 0.365433563142967
1.15151576767677 0.364059983775702 0.345107314558262 0.364099419685847
1.18181878787879 0.362487897882931 0.342328768843621 0.362516982098691
1.21212180808081 0.36068530801644 0.339285009199328 0.360704653418308
1.24242482828283 0.358667375187586 0.335994799855477 0.358680836681508
1.27272784848485 0.35644856070464 0.332474262227023 0.356463411301567
1.30303086868687 0.35404265443551 0.328735201682373 0.354065187670792
1.33333388888889 0.351462802006657 0.324789025398417 0.351496132211978
1.36363690909091 0.348721530976519 0.320647140552044 0.348766179884931
1.39393992929293 0.345830776020443 0.316320954320142 0.345885265649456
1.42424294949495 0.342801903162803 0.311821873879603 0.34286332446536
1.45454596969697 0.339645733090759 0.307161306407314 0.339710291292449
1.48484898989899 0.33637256358288 0.302350659080165 0.336436101090529
1.51515201010101 0.332992191084706 0.297401339075046 0.333050688819406
1.54545503030303 0.329513931462192 0.292324753568846 0.329563989438885
1.57575805050505 0.325946639962881 0.287132309738455 0.325985937908774
1.60606107070707 0.322298730413634 0.281835414760761 0.322326469188877
1.63636409090909 0.318578193682672 0.276445475812653 0.318595518239001
1.66666711111111 0.314792615432789 0.270973900071023 0.314803020018953
1.69697013131313 0.310949193191558 0.265432075585414 0.310958909488538
1.72727315151515 0.307054752763528 0.259828441661085 0.30707311286886
1.75757617171717 0.303115764008445 0.254165333165178 0.303153606840268
1.78787919191919 0.299138356008758 0.248444327872582 0.29920396980372
1.81818221212121 0.295128331648781 0.242667003558185 0.295227177439003
1.84848523232323 0.291091181627141 0.236834937996874 0.291226205425903
1.87878825252525 0.287032097923342 0.230949708963538 0.287204029444206
1.90909127272727 0.282955986738549 0.225012894233064 0.283163625173698
1.93939429292929 0.278867480929993 0.21902607158034 0.279107968294166
1.96969731313131 0.274770951957683 0.212990818780253 0.275040034485395
2.00000033333333 0.270670521361464 0.206908713607693 0.270962799427173
2.03030335353535 0.266570071785825 0.200781333837546 0.266879238799284
2.06060637373737 0.262473257569212 0.1946102572447 0.262792328281516
2.09090939393939 0.258383514914038 0.188397061604044 0.258705043553655
2.12121241414141 0.254304071652975 0.182143324690465 0.254620360295486
2.15151543434343 0.250237956626573 0.17585062427885 0.250541254186796
2.18181845454545 0.246188008686709 0.169520538144089 0.246470700907372
2.21212147474747 0.242156885339843 0.163154644061068 0.242411676136999
2.24242449494949 0.238147071043566 0.156754519804675 0.238367155555464
2.27272751515151 0.234160885169437 0.150321743149799 0.234340114842553
2.30303053535354 0.230200489644636 0.143857891871327 0.230333529678052
2.33333355555556 0.226267896284511 0.137364626930608 0.226350375741747
2.36363657575758 0.222364973827675 0.130845959151871 0.222393628713425
2.3939395959596 0.21849345468486 0.12430852086384 0.218466192966656
2.42424261616162 0.214654941412357 0.117759082113905 0.214570428100973
2.45454563636364 0.210850912920478 0.111204412949454 0.210708442412843
2.48484865656566 0.207082730427076 0.104651283417877 0.206882342852177
2.51515167676768 0.203351643165815 0.0981064635665627 0.203094236368887
2.5454546969697 0.199658793858542 0.0915767234428996 0.199346229912887
2.57575771717172 0.196005223960732 0.0850688330942774 0.195640430434089
2.60606073737374 0.1923918786887 0.0785895625680849 0.191978944882405
2.63636375757576 0.188819611836917 0.0721456819117113 0.188363880207747
2.66666677777778 0.185289190393499 0.0657439611725456 0.184797343360029
2.6969697979798 0.181801298961605 0.0593911703979767 0.181281441289162
2.72727281818182 0.178356543994242 0.053094079635394 0.177818280945059
2.75757583838384 0.17495545784965 0.0468594589321863 0.174409969277632
2.78787885858586 0.171598502674232 0.0406940783357429 0.171058613236794
2.81818187878788 0.168286074119694 0.0346047078934527 0.167766319772457
2.8484848989899 0.16501850490083 0.0285981176527047 0.164535195834534
2.87878791919192 0.161796068200172 0.0226810776608881 0.161367348372938
2.90909093939394 0.158618980925457 0.0168603579653919 0.158264884337579
2.93939395959596 0.155487406825675 0.0111427286136052 0.155229910678372
2.96969697979798 0.152401459471237 0.00553495965291707 0.152264534345229
3 0.149361205103592 4.38211307164909E-05 0.149370862288061


1E-06 9.999990000005E-07 9.99999E-07 9.99999E-07
0.0404050303030303 0.0388050060170333 0.0388046759713888 0.0388050343484568
0.0808090606060606 0.0745358363712758 0.0745330632257792 0.0745358538335091
0.121213090909091 0.107376031598461 0.107366837609991 0.107376005025682
0.161617121212121 0.137498494417749 0.13747905342313 0.13750024952811
0.202021151515152 0.165066966786707 0.165028728008033 0.165069026644547
0.242425181818182 0.190236484288342 0.190169636196998 0.190237426621125
0.282829212121212 0.213153808896472 0.213052473522497 0.213157396721893
0.323233242424242 0.233957841119299 0.233810797565914 0.233963429421462
0.363637272727273 0.252780012475775 0.252572219462908 0.252783973205208
0.404041303030303 0.269744659216099 0.269464344470607 0.269747470687682
0.444445333333333 0.284969378156321 0.284609983154826 0.284977506727908
0.484849363636364 0.298565365457567 0.298113305703864 0.298578695463559
0.525253393939394 0.310637739142646 0.310073953051003 0.310651020713914
0.565657424242424 0.321285846106783 0.320591566129526 0.321294466298252
0.606061454545455 0.330603554344764 0.329765785872715 0.330609016035851
0.646465484848485 0.338679531083917 0.337692517920318 0.338691005556022
0.686869515151515 0.345597507480916 0.344449233908214 0.345618166055673
0.727273545454545 0.351436530510388 0.350107728775617 0.351462313368593
0.767677575757576 0.356271202644642 0.354739795881439 0.356295260865122
0.808081606060606 0.360171909896453 0.358417228584589 0.360188821915603
0.848485636363636 0.363205038770689 0.361211820243979 0.363214809890376
0.888889666666667 0.365433182645584 0.363194805890265 0.365444579220224
0.929293696969697 0.366915338080609 0.364425353603672 0.366937764026589
0.969697727272727 0.367707091525114 0.364950979776309 0.367741592049569
1.01010175757576 0.367860796880147 0.364818725556423 0.367902694736093
1.05050578787879 0.367425744345095 0.364075632092259 0.367467703533091
1.09090981818182 0.366448320960924 0.362768740532065 0.366483249887489
1.13131384848485 0.364972163242881 0.360945092024085 0.364995965246217
1.17171787878788 0.363038302277395 0.358651727716567 0.363052481056203
1.21212190909091 0.360685301640673 0.355935463408108 0.360699324104429
1.25252593939394 0.357949388479958 0.352834300119913 0.357975593592172
1.29292996969697 0.354864578082693 0.349374756647039 0.354908162329483
1.333334 0.351462792243788 0.345582581229331 0.351522763324709
1.37373803030303 0.34777397172683 0.341483522106632 0.347845129586195
1.41414206060606 0.343826183101375 0.337103327518786 0.343900994122288
1.45454609090909 0.339645720225379 0.332467745705636 0.339716089941335
1.49495012121212 0.335257200629323 0.327602524907026 0.335316150051682
1.53535415151515 0.330683657046686 0.322533413362799 0.330726907461675
1.57575818181818 0.325946624324019 0.317286159312799 0.325974095179661
1.61616221212121 0.32106622193302 0.311886510996869 0.321083446213985
1.65656624242424 0.316061232296644 0.306359646807602 0.316080431058605
1.69697027272727 0.310949175131371 0.300722667744998 0.310983406783838
1.7373743030303 0.305746377998338 0.294986678842661 0.305802962604879
1.77777833333333 0.300468043247 0.289162643193887 0.300549294018342
1.81818236363636 0.295128311526389 0.283261523891969 0.29523259652084
1.85858639393939 0.289740322030853 0.277294284030201 0.289863065608988
1.89899042424242 0.284316269639292 0.271271886701879 0.284450896779399
1.93939445454545 0.278867459099454 0.265205295000295 0.279006285528686
1.97979848484848 0.273404356401719 0.259105472018745 0.273539427353464
2.02020251515152 0.267936637479989 0.252983380850522 0.268060517750347
2.06060654545455 0.262473234370815 0.246849984588922 0.262579752215947
2.10101057575758 0.257022378955696 0.240716246327237 0.257107326246879
2.14141460606061 0.251591644405573 0.234593129158763 0.251653435339757
2.18181863636364 0.246187984440918 0.228491596176793 0.246228274991194
2.22222266666667 0.240817770515413 0.222422610474622 0.240842040697805
2.2626266969697 0.235486827026118 0.216395972461765 0.235504581058498
2.30303072727273 0.230200464648116 0.210414193577688 0.230221083295478
2.34343475757576 0.224963511886953 0.204476966858641 0.22499339906479
2.38383878787879 0.21978034493775 0.198583979259177 0.219823307631991
2.42424281818182 0.214654915935633 0.192734917733851 0.214712588262635
2.46464684848485 0.209590779678037 0.186929469237217 0.209663020222279
2.50505087878788 0.204591118895633 0.18116732072383 0.204676382776477
2.54545490909091 0.199658768144909 0.175448159148244 0.199754455190785
2.58585893939394 0.194796236391947 0.169771671465013 0.194899016730759
2.62626296969697 0.190005728353571 0.164137544628693 0.190111846661954
2.666667 0.185289164658889 0.158545465593837 0.185394724249926
2.70707103030303 0.180648200891167 0.152995121314999 0.18074942876023
2.74747506060606 0.176084245567101 0.147486198746735 0.176177739458421
2.78787909090909 0.17159847710779 0.142018384843599 0.171681435610056
2.82828312121212 0.167191859853062 0.136591366560144 0.167262296480689
2.86868715151515 0.162865159168314 0.131204830850926 0.162922101335876
2.90909118181818 0.15861895569062 0.125858464670499 0.158662629441173
2.94949521212121 0.15445365875859 0.120551954973418 0.154485660062135
2.98989924242424 0.150369519068277 0.115284988714236 0.150392972464318
3.03030327272727 0.146366640595386 0.110057252847509 0.146386345913276
3.0707073030303 0.142444991822028 0.104868468672391 0.14246754197222
3.11111133333333 0.138604416304411 0.0997193017902199 0.138637073912667
3.15151536363636 0.134844642616065 0.0946114567752334 0.134893404771613
3.19191939393939 0.131165293699473 0.0895466915346136 0.131234807010918
3.23232342424242 0.127565895657383 0.0845267639755426 0.127659553092444
3.27272745454545 0.124045886013504 0.079553432005202 0.124165915478049
3.31313148484849 0.120604621470825 0.0746284535307739 0.120752166629595
3.35353551515152 0.117241385194398 0.0697535864594402 0.117416579008941
3.39393954545455 0.11395539364407 0.0649305886983827 0.114157425077949
3.43434357575758 0.110745802981396 0.0601612181547832 0.110972977298479
3.47474760606061 0.107611715073733 0.0554472327358237 0.107861508132391
3.51515163636364 0.104552183117385 0.050790390348686 0.104821290041546
3.55555566666667 0.101566216900543 0.0461924489005521 0.101850595487803
3.5959596969697 0.0986527877257284 0.0416551662986038 0.0989476969330238
3.63636372727273 0.095810833010463 0.037180300450023 0.0961108668390684
3.67676775757576 0.0930392605839265 0.0327696092619917 0.0933383776677972
3.71717178787879 0.0903369526964608 0.0284248506416916 0.0906285018810706
3.75757581818182 0.0877027697579294 0.0241477824963046 0.087979511940749
3.79797984848485 0.0851355538201183 0.0199401627330127 0.0853896803086929
3.83838387878788 0.0826341318175862 0.0158037492589978 0.0828572794467626
3.87878790909091 0.080197318580635 0.0117402999814416 0.0803805818168185
3.91919193939394 0.0778239196333659 0.00775157280752612 0.077957859880721
3.95959596969697 0.0755127337891159 0.00383932564443324 0.0755873861003307
4 0.0732625555549367 5.31639934487141E-06 0.0732674329375078


1E-06 9.999990000005E-07 9.99999E-07 9.99999E-07
0.0505060404040404 0.0480185262836485 0.0480184026633615 0.0480185514934233
0.101011080808081 0.0913062408773903 0.0913050609290883 0.0913062123352877
0.151516121212121 0.130213564804909 0.13021097277942 0.13021473613813
0.202021161616162 0.165066973372673 0.165060137065661 0.165068765146825
0.252526202020202 0.196171408789552 0.196156394016371 0.196172698085125
0.303031242424242 0.223811609300091 0.223789072180857 0.223816360182968
0.353536282828283 0.248253359627561 0.248215209950369 0.248257159624082
0.404041323232323 0.269744667253914 0.269687112709245 0.269747754919869
0.454546363636364 0.288516868808691 0.288443122822137 0.288526801551481
0.505051404040404 0.304785670598027 0.304686709053716 0.304797957941367
0.555556444444444 0.318752127077376 0.318615985271612 0.318759504686052
0.606061484848485 0.330603560856629 0.330428961973543 0.330609621032604
0.656566525252525 0.34051442762337 0.34030750952831 0.340530353652856
0.707071565656566 0.348647129178315 0.348399978752573 0.348670084605102
0.757576606060606 0.355152777595969 0.354850547607909 0.3551729813297
0.808081646464646 0.36017191335263 0.359803394055898 0.360183211267011
0.858586686868687 0.363835180102429 0.36340254246219 0.363844797552578
0.909091727272727 0.36626395862975 0.365776136424746 0.366286041297031
0.959596767676768 0.367570962362429 0.367022833782044 0.367605602342374
1.01010180808081 0.367860796694344 0.367238086659506 0.367898856376191
1.06060684848485 0.367230484237714 0.366517347182558 0.367261179086068
1.11111188888889 0.365769958004363 0.364956067476622 0.365787946159591
1.16161692929293 0.363562524400947 0.362649699648003 0.363574533284345
1.21212196969697 0.360685297815212 0.359686581537336 0.360709468881809
1.26262701010101 0.357209608468574 0.356127772222 0.357253905293038
1.31313205050505 0.353201385114159 0.352027793563754 0.353262154083435
1.36363709090909 0.348721514068787 0.347441167424357 0.348788526818407
1.41414213131313 0.343826175981734 0.342422415665568 0.34388733506336
1.46464717171717 0.338567161662366 0.337026060149147 0.338612890383698
1.51515221212121 0.332992168212499 0.331306622736853 0.333019504344828
1.56565725252525 0.32714507663741 0.325318625290445 0.327161488512156
1.61616229292929 0.32106621204158 0.319113843551588 0.32109066881069
1.66666733333333 0.31479258745121 0.312724235779938 0.314839543397214
1.71717237373737 0.308358132245159 0.306173061659222 0.30843155834342
1.76767741414141 0.301793906118977 0.299483543628169 0.301890107983011
1.81818245454545 0.295128299452953 0.292678904125509 0.29523858664969
1.86868749494949 0.288387220904402 0.285782365589971 0.288500388677158
1.91919253535354 0.281594272996607 0.278817150460285 0.28169890839912
1.96969757575758 0.274770916431735 0.27180648117518 0.274857540149277
2.02020261616162 0.267936623812511 0.264773580173385 0.267999678261333
2.07070765656566 0.261109023417345 0.25774166989363 0.26114871706899
2.1212126969697 0.254304033635797 0.250733972774644 0.25432805090595
2.17171773737374 0.247535988635583 0.243772888854273 0.247560361001134
2.22222277777778 0.240817755798769 0.236870541971694 0.240858132845904
2.27272781818182 0.234160845433043 0.230032069647527 0.23422623901213
2.32323285858586 0.227575513234156 0.223262475845399 0.227669369388568
2.3737378989899 0.221070855947416 0.216566764528934 0.221192213863974
2.42424293939394 0.2146549006496 0.209949939661757 0.214799462327105
2.47474797979798 0.208334688047658 0.203417005207493 0.208495804666716
2.52525302020202 0.202116350166982 0.196972965129766 0.202285930771565
2.57575806060606 0.196005182779838 0.190622823392203 0.196174530530407
2.6262631010101 0.190005712903609 0.184371583958427 0.190166293832
2.67676814141414 0.184121761678802 0.178224250792065 0.184265910565098
2.72727318181818 0.178356502918191 0.172185827856739 0.17847807061846
2.77777822222222 0.172712517600976 0.166261319116077 0.17280746388084
2.82828326262626 0.167191844569361 0.160455728533702 0.167258780240996
2.8787883030303 0.161796027669443 0.15477406007324 0.161836709587683
2.92929334343434 0.156526159563667 0.149221218835088 0.156545881488595
2.97979838383838 0.151382922428369 0.143798559067391 0.15138838989652
3.03030342424242 0.146366625736954 0.138502984735479 0.146362920176326
3.08080846464646 0.141477241317058 0.133331118175882 0.141467917972271
3.13131350505051 0.136714435858566 0.128279581725127 0.136701828928611
3.18181854545455 0.132077601038544 0.123344997719742 0.132063098689606
3.23232358585859 0.127565881418968 0.118523988496255 0.127550172899511
3.28282862626263 0.123178200263567 0.113813176391194 0.123161497202585
3.33333366666667 0.118913283411071 0.109209183741086 0.118895517243085
3.38383870707071 0.1147696813337 0.104708632882461 0.114750678665269
3.43434374747475 0.11074578950173 0.100308146151845 0.110725427113394
3.48484878787879 0.1068398671675 0.096004345885766 0.106818208231718
3.53535382828283 0.103050054675134 0.0917938544207526 0.103027467664497
3.58585886868687 0.0993743893956501 0.0876732940933325 0.0993516510559911
3.63636390909091 0.0958108203808538 0.0836392872400335 0.095789204050456
3.68686894949495 0.0923572218235834 0.0796884561973835 0.0923385722921498
3.73737398989899 0.0890114054063231 0.0758174233019105 0.0889982014253298
3.78787903030303 0.0857711316150403 0.0720228108901422 0.0857665370942537
3.83838407070707 0.0826341200902177 0.0683012412986067 0.082642024943179
3.88888911111111 0.0795980590824759 0.0646493428861394 0.0796231047977351
3.93939415151515 0.0766606140758775 0.0610645663398052 0.0767076608259113
3.98989919191919 0.073819435637962 0.0575460124434151 0.0738925698475147
4.04040423232323 0.0710721665517612 0.0540929791807206 0.0711746023756702
4.09090927272727 0.0684164482814824 0.050704764535473 0.0685505289235029
4.14141431313131 0.0658499268201923 0.0473806664914234 0.066017120004138
4.19191935353535 0.0633702579646929 0.0441199830323232 0.0635711461307005
4.24242439393939 0.060975112059828 0.0409220121419235 0.0612093778163155
4.29292943434343 0.0586621782516868 0.0377860518039758 0.058928585574108
4.34343447474747 0.0564291682865708 0.0347114000022313 0.0567255399172033
4.39393951515151 0.0542738198901513 0.0316973547204412 0.0545970113587263
4.44444455555556 0.0521938997589534 0.0287432139423568 0.0525397704118021
4.4949495959596 0.0501872061941571 0.0258482756517294 0.0505505875895559
4.54545463636364 0.0482515714056915 0.0230118378323103 0.0486262334051126
4.59595967676768 0.0463848635127096 0.0202331984678507 0.0467634783715975
4.64646471717172 0.0445849882647623 0.0175116555421019 0.0449590930021355
4.69696975757576 0.0428498905063312 0.0148465070388151 0.0432098478098518
4.7474747979798 0.0411775554058236 0.0122370509417417 0.0415125133078715
4.79797983838384 0.0395660094686792 0.00968258523463292 0.0398638600093196
4.84848487878788 0.0380133213528723 0.00718240790124 0.0382606584273212
4.89898991919192 0.0365176025038167 0.00473581692531421 0.0366996790750014
4.94949495959596 0.035077007624484 0.00234211029060689 0.0351776924654853
5 0.0336897349954273 5.85980869271001E-07 0.033691469111898


1E-06 9.999990000005E-07 9.99999E-07 9.99999E-07
0.0606070505050505 0.0570429321974243 0.0570428877023004 0.0570429392395212
0.121213101010101 0.107376039461785 0.107375642223016 0.107376038347536
0.181819151515152 0.151592101139239 0.151592696142965 0.151593982538153
0.242425202020202 0.190236496298159 0.190234441115801 0.190237370428661
0.303031252525252 0.223811614499731 0.223810581412078 0.22381608712408
0.363637303030303 0.252780025880723 0.252773497780911 0.252782648734696
0.424243353535353 0.277567427060395 0.277559435518911 0.277573424669339
0.484849404040404 0.298565378274721 0.298556571443583 0.298576683553525
0.545455454545455 0.316133846104704 0.316112868914717 0.316140449618146
0.606061505050505 0.330603565197871 0.330574227003389 0.330610682891269
0.666667555555556 0.342278231478382 0.34224971692138 0.342296509562632
0.727273606060606 0.351436538497548 0.351397647863608 0.351456248767763
0.787879656565657 0.358334067788894 0.35827262584935 0.358344509280377
0.848485707070707 0.363205043356582 0.36312856998919 0.363215217653046
0.909091757575758 0.366263959739629 0.366186528745131 0.366289465060623
0.969697808080808 0.367707092453642 0.36762089470508 0.367741627080254
1.03030385858586 0.367713899013808 0.367602510058136 0.367742512394253
1.09090990909091 0.366448318184779 0.366302216993396 0.366462929684931
1.15151595959596 0.364059974582231 0.363890440546228 0.364073278729644
1.21212201010101 0.360685295264905 0.360511581666227 0.360718033142068
1.27272806060606 0.356448544502401 0.356269121280763 0.356500659545466
1.33333411111111 0.351462782480917 0.35126295132026 0.35152099929477
1.39394016161616 0.345830753314356 0.345592963715144 0.345878893744908
1.45454621212121 0.339645707359998 0.33935905039584 0.33967418425081
1.51515226262626 0.332992162494446 0.332661103292774 0.333006712167407
1.57575831313131 0.325946608685154 0.325594712715182 0.325972081557679
1.63636436363636 0.318578159894059 0.318221376224572 0.318631910424778
1.69697041414141 0.310949157071182 0.310586361626083 0.311031472848927
1.75757646464646 0.303115725736239 0.302734837476435 0.303215938769249
1.81818251515152 0.295128291403996 0.294711972332345 0.295230478124867
1.87878856565657 0.287032055883276 0.286562934750531 0.287120260854904
1.93939461616162 0.278867437268914 0.27833289328771 0.278930456898481
2.00000066666667 0.270670476249703 0.2700670165006 0.270706236194722
2.06060671717172 0.262473211172418 0.26181047294592 0.262492768682749
2.12121276767677 0.254304024131502 0.253604061063729 0.254330935917088
2.18181881818182 0.246187960195128 0.245466104490018 0.246239181793618
2.24242486868687 0.238147021730281 0.237407722119511 0.238228636401006
2.30303091919192 0.230200439651598 0.229440029550438 0.230310425813874
2.36363696969697 0.22236492329018 0.22157414238103 0.222495676106847
2.42424302020202 0.214654890458911 0.213821176209516 0.214795513354548
2.48484907070707 0.20708267917933 0.206192246634126 0.207221063631601
2.54545512121212 0.199658742431279 0.19869846925309 0.19978345301263
2.60606117171717 0.192391827189866 0.191350959664636 0.192493807572258
2.66666722222222 0.185289138924282 0.184160833466996 0.185363253385111
2.72727327272727 0.17835649264918 0.177139206258399 0.17840291652581
2.78787932323232 0.17159845154135 0.170297193637074 0.171623923068981
2.84848537373737 0.165018454061801 0.163644273704562 0.165035818466623
2.90909142424242 0.158618930455786 0.157180742386479 0.158639151796207
2.96969747474747 0.152401409440461 0.150903697112185 0.152431293736209
3.03030352525253 0.146366615831334 0.144810232045827 0.146409611324745
3.09090957575758 0.140514559804299 0.138897441351552 0.140571471599935
3.15151562626263 0.134844618439375 0.133162419193507 0.134914241599895
3.21212167676768 0.129355610145255 0.127602259735838 0.129435288362744
3.27272772727273 0.124045862519966 0.122214057142694 0.1241319789266
3.33333377777778 0.11891327416226 0.11699490557822 0.119001680329579
3.39393982828283 0.113955370910546 0.111941899206564 0.114041759609801
3.45454587878788 0.109169356950977 0.107052132191873 0.109249583805382
3.51515192929293 0.104552161203672 0.102322698698294 0.104622519954441
3.57575797979798 0.100100479365685 0.0977506928899732 0.100157935095095
3.63636403030303 0.0958108119611151 0.0933332089310582 0.0958531962654623
3.69697008080808 0.0916794987225917 0.0890673409856959 0.0917056705036605
3.75757613131313 0.087702749604012 0.0849501604390232 0.0877126962095073
3.81818218181818 0.0838766727018512 0.0809782662562699 0.0838710337629383
3.87878823232323 0.0801972993413813 0.0771478119361081 0.0801769070734052
3.93939428282828 0.0766606065646862 0.0734549335947023 0.0766265197364378
4.00000033333333 0.0732625372392999 0.0698957673482174 0.0732160753475661
4.06060638383838 0.0699990179895451 0.0664664493128181 0.0699417775023198
4.12121243434343 0.0668659751371109 0.063163115604669 0.0667998297962289
4.18181848484848 0.0638593488229962 0.0599819023399349 0.0637864358248232
4.24242453535354 0.0609751054695888 0.0569189456347804 0.0608977991836326
4.30303058585859 0.0582092487292639 0.0539703816053703 0.0581301234681869
4.36363663636364 0.0555578290544094 0.0511323463678694 0.055479612274016
4.42424268686869 0.0530169520131543 0.0484009760384422 0.0529424691966497
4.48484873737374 0.0505827854652245 0.0457724067332535 0.0505148978316179
4.54545478787879 0.0482515657032334 0.0432427745684681 0.0481931017744506
4.60606083838384 0.0460196026562672 0.0408082156602505 0.0459732846206774
4.66666688888889 0.0438832842448162 0.0384648661247656 0.0438516499658283
4.72727293939394 0.0418390799688657 0.036208862078178 0.0418244014054331
4.78787898989899 0.0398835438042791 0.0340363357569646 0.0398877425480297
4.84848504040404 0.0380133164764162 0.0319428896655925 0.0380379449578768
4.90909109090909 0.0362251271742165 0.0299230633546732 0.0362715066291795
4.96969714141414 0.0345157947626927 0.0279712693453202 0.0345849726586684
5.03030319191919 0.0328822285468997 0.026081920158647 0.0329748881430741
5.09090924242424 0.0313214286359381 0.0242494283157669 0.0314377981791269
5.15151529292929 0.0298304859513913 0.0224682063377935 0.0299702478635575
5.21212134343434 0.0284065819207557 0.0207326667458401 0.0285687822930963
5.27272739393939 0.0270469878928846 0.0190372220610203 0.0272299465644739
5.33333344444444 0.0257490643091993 0.0173762848044474 0.0259502857744208
5.3939394949495 0.0245102596614139 0.0157442674972349 0.0247263450196674
5.45454554545455 0.0233281092637496 0.0141355826604962 0.0235546693969444
5.5151515959596 0.0222002338650592 0.0125446428153449 0.0224318040029822
5.57575764646465 0.0211243381239375 0.0109658604828942 0.0213542939345113
5.6363636969697 0.0200982089677317 0.00939364818425778 0.0203186842882622
5.69696974747475 0.0191197138543789 0.00782241844054899 0.0193215201609655
5.7575757979798 0.0181867989541748 0.00624658377288126 0.0183593466493517
5.81818184848485 0.0172974872669014 0.00466055670236803 0.0174287088501513
5.8787878989899 0.0164498766882046 0.00305874975012279 0.0165261518600949
5.93939394949495 0.0156421380377003 0.00143626142694483 0.0156482207759128
6 0.0148725130599982 2.87345913065735E-08 0.0148732566973501


1E-06 9.999990000005E-07 9.99999E-07 9.99999E-07
0.0707080606060606 0.0658810944003611 0.0658811033531548 0.0658811188154423
0.141415121212121 0.12276654770769 0.122767034891279 0.122767153006301
0.212122181818182 0.171578391621095 0.171579142108293 0.171579522681698
0.282829242424242 0.213153825275098 0.21315641064808 0.21315727278054
0.353536303030303 0.24825336879821 0.24825447717553 0.248256086392787
0.424243363636364 0.277567430865417 0.277571066479806 0.277573726480428
0.494950424242424 0.301722336914804 0.301728227488073 0.301732270191914
0.565657484848485 0.321285861058344 0.32128419399344 0.321289970187988
0.636364545454545 0.336772301355384 0.336778339264675 0.336786218757301
0.707071606060606 0.348647135014231 0.348655408930319 0.348665771096596
0.777778666666667 0.357331287222946 0.357327038998766 0.357340265367012
0.848485727272727 0.363205044666837 0.363201447394502 0.36321792387746
0.919192787878788 0.366611642350372 0.366620588590998 0.36664070992607
0.989899848484849 0.367860550089861 0.367865996388788 0.367890148438692
1.06060690909091 0.367230482965904 0.367216993250535 0.367245550814593
1.13131396969697 0.364972158107964 0.36495216681109 0.364985495831934
1.20202103030303 0.36131081841534 0.361307905017451 0.361346387984656
1.27272809090909 0.356448542187794 0.356456250495851 0.356500266736338
1.34343515151515 0.3505663561348 0.35056383332945 0.350613750604353
1.41414221212121 0.343826167845 0.343797283601406 0.343853458106071
1.48484927272727 0.336372532518143 0.336323231394876 0.336386007758862
1.55555633333333 0.328334267582123 0.328296539818972 0.32836627278955
1.62626339393939 0.319825927730227 0.319813762159404 0.319890824477958
1.69697045454545 0.310949151911128 0.310953423175099 0.31103817787393
1.76767751515152 0.301793892880104 0.301794042327851 0.301886842603195
1.83838457575758 0.292439539068271 0.292414139079455 0.292515328291479
1.90909163636364 0.28295593774183 0.282892232891704 0.28300214456451
1.9797986969697 0.273404327700172 0.273306843226391 0.273425801048015
2.05050575757576 0.263838189095473 0.263734019008522 0.263862348513595
2.12121281818182 0.25430401734272 0.254217996203759 0.25435606946707
2.19191987878788 0.244842027523848 0.244780915269537 0.244929129957837
2.26262693939394 0.23548679516913 0.23544447092457 0.235603247257384
2.333334 0.226267838819648 0.226230357887571 0.226400138637198
2.40404106060606 0.217210149333352 0.217160270877253 0.217341521368766
2.47474812121212 0.208334670491024 0.20825590461233 0.208449112723577
2.54545518181818 0.199658735084527 0.199538953811515 0.199744629973117
2.61616224242424 0.191196460325704 0.191031113193521 0.191249790388874
2.6868693030303 0.182959106097624 0.182754077477061 0.182986311242335
2.75757636363636 0.174955399278708 0.174727569147872 0.174973943790087
2.82828342424242 0.167191827102276 0.166955980167558 0.167217115314683
2.89899048484848 0.159672902267755 0.159436524556911 0.159713061408697
2.96969754545455 0.152401402293208 0.152166375359789 0.152458976204086
3.04040460606061 0.145378585390546 0.14514270562005 0.145452053832811
3.11111166666667 0.138604384953414 0.138362688381549 0.138689488426831
3.18181872727273 0.132077584571726 0.131823496688145 0.132168474118106
3.25252578787879 0.125795975325242 0.125522303583694 0.125886205038595
3.32323284848485 0.119756496960024 0.119456282112054 0.119839875320258
3.39393990909091 0.113955364415255 0.113622605317082 0.114026679095053
3.46464696969697 0.10838818104262 0.108018446242634 0.108443810494941
3.53535403030303 0.103050039745517 0.102640977932568 0.103088463651881
3.60606109090909 0.097935613159749 0.0974873734307408 0.0979578326978319
3.67676815151515 0.0930392339005919 0.0925541932239974 0.0930485211440116
3.74747521212121 0.0883549658121846 0.0878353138796091 0.088354552644656
3.81818227272727 0.0838766670737627 0.0833238770954892 0.0838692466374947
3.88888933333333 0.0795980459424794 0.0790130245507682 0.0795859225439707
3.95959639393939 0.075512709844064 0.0748958979245768 0.0754978997855267
4.03030345454545 0.0716142084597696 0.0709656388960455 0.0715984977836059
4.10101051515152 0.0678960714005307 0.067215389144305 0.0678810359596509
4.17171757575758 0.0643518410065503 0.0636382903484859 0.0643388337351049
4.24242463636364 0.0609751007622756 0.0602274841877189 0.0609652105314108
4.3131316969697 0.0577594997725452 0.0569761123411344 0.0577534857700113
4.38383875757576 0.0546987737052609 0.0538773164878632 0.0546969788723495
4.45454581818182 0.0517867625689464 0.0509242383070358 0.0517890092598683
4.52525287878788 0.0490174256597341 0.0481100194777829 0.0490228963540106
4.59595993939394 0.0463848539813907 0.0454278016792352 0.0463919595762194
4.666667 0.0438832804137359 0.0428707265905231 0.0438895183479375
4.73737406060606 0.0415070878789862 0.040431982191384 0.0415089291131993
4.80808112121212 0.0392508157319823 0.0381060644072083 0.0392447623716432
4.87878818181818 0.0371091645787385 0.0358889283286535 0.0370930465621501
4.94949524242424 0.0350769997081154 0.0337766057044362 0.0350498964358746
5.0202023030303 0.0331493533035119 0.0317651282832732 0.0331114267439709
5.09090936363636 0.0313214255851498 0.029850527813881 0.0312737522375937
5.16161642424242 0.0295885850186493 0.0280288360449764 0.0295329876678973
5.23232348484849 0.027946367712054 0.0262960847252759 0.0278852477860362
5.30303054545455 0.026390476111132 0.0246483056034962 0.0263266473431648
5.37373760606061 0.0249167770915726 0.023081530428354 0.0248533010904375
5.44444466666667 0.0235212995364982 0.0215917909485659 0.0234613237790089
5.51515172727273 0.022200231478454 0.0201751189128485 0.0221468301600333
5.58585878787879 0.020949916876626 0.0188275460699187 0.0209059349846652
5.65656584848485 0.0197668520924078 0.0175451041684929 0.019734753004059
5.72727290909091 0.0186476821195208 0.0163238249572878 0.0186293989693693
5.79797996969697 0.0175891966186217 0.0151597401850201 0.0175859876317503
5.86868703030303 0.0165883258006597 0.0140488792024109 0.016600640774255
5.93939409090909 0.0156421361981127 0.0129871331320808 0.0156699137147686
6.01010115151515 0.0147478263585943 0.0119701820311013 0.014791040518769
6.08080821212121 0.0139027224911378 0.0109936881679276 0.013961314436947
6.15151527272727 0.0131042740916852 0.0100533138110146 0.0131780287199933
6.22222233333333 0.012350049570911 0.00914472122881762 0.0124384766185988
6.29292939393939 0.0116377319044464 0.00826357268979162 0.0117399513834542
6.36363645454546 0.0109651143228212 0.00740553046239173 0.0110797462652503
6.43434351515152 0.0103300960559713 0.00656625681507305 0.0104551545146779
6.50505057575758 0.00973067814494695 0.00574141401629069 0.00986346938242779
6.57575763636364 0.00916495933147871 0.00492666433449973 0.00930198411919078
6.6464646969697 0.0086311320342885 0.00411767003815529 0.00876799197565764
6.71717175757576 0.00812747841945792 0.00331009339571244 0.00825878620251914
6.78787881818182 0.00765236657076315 0.0024995966756263 0.0077716600504661
6.85858587878788 0.0072042467646404 0.00168184214635197 0.00730390677018929
6.92929293939394 0.00678164785334354 0.00085249207634452 0.0068528196123795
7 0.00638317375888161 5.19018874645575E-05 0.00643336545475015


1E-06 9.999990000005E-07 9.99999E-07 9.99999E-07
0.0808090707070707 0.0745358449352551 0.0745358989909413 0.0745359031478117
0.161617141414141 0.137498508827211 0.137499818699554 0.13749985025279
0.242425212121212 0.190236502303068 0.190237299566922 0.190237400531804
0.323233282828283 0.233957860911103 0.233961403853218 0.23396163116396
0.404041353535353 0.269744679310637 0.269748242641822 0.269748664431789
0.484849424242424 0.298565384683297 0.298574072794228 0.298574765984994
0.565657494949495 0.32128586355027 0.321288707753227 0.32128975477688
0.646465565656566 0.338679546050758 0.338693741942906 0.338695230345159
0.727273636363636 0.351436542491127 0.351448442285392 0.351450461819771
0.808081707070707 0.360171918536894 0.360176497823682 0.360179139070095
0.888889777777778 0.365433187721003 0.365454340896094 0.365457696841346
0.969697848484849 0.367707092917905 0.367730685406854 0.367734847990562
1.05050591919192 0.367425742025453 0.367432881797197 0.367437939950207
1.13131398989899 0.364972157252144 0.36498357383653 0.364989614809249
1.21212206060606 0.360685292077019 0.360719552410244 0.360726667060262
1.29293013131313 0.354864565088889 0.354902616829917 0.354910894111499
1.3737382020202 0.347773955479791 0.347792044463125 0.347801570558658
1.45454627272727 0.339645700927306 0.339647112677443 0.339657970997436
1.53535434343434 0.330683634917584 0.330707098990807 0.330719375331477
1.61616241414141 0.321066197204419 0.321122693604907 0.321136476209178
1.69697048484848 0.310949148041087 0.311020067332422 0.311035440635173
1.77777855555556 0.300468014034817 0.300525390116613 0.300542434738086
1.85858662626263 0.289740290934974 0.28976483190074 0.289783624646541
1.9393946969697 0.278867426353644 0.278864562628067 0.278885176489162
2.02020276767677 0.267936603311293 0.267942958007516 0.26796546710176
2.10101083838384 0.257022343582659 0.257062616733734 0.257087107516092
2.18181890909091 0.246187948072233 0.246261835604421 0.246288402459374
2.26262697979798 0.235486789859632 0.235578810964549 0.235607556003656
2.34343505050505 0.224963474108986 0.225051739159089 0.225082772220986
2.42424312121212 0.214654877720551 0.214718816533014 0.214752255183415
2.50505119191919 0.204591080405635 0.204618239431295 0.204654208962993
2.58585926262626 0.194796197777035 0.194788204198904 0.19482683763177
2.66666733333333 0.18528912605698 0.185265969069094 0.185307407707897
2.7474754040404 0.176084207104255 0.176068893779074 0.176113286533865
2.82828347474747 0.167191821643812 0.167195329460924 0.167242825325959
2.90909154545455 0.158618917838371 0.158642867229981 0.158693614470529
2.98989961616162 0.150369481665759 0.150409098201585 0.150463244353928
3.07070768686869 0.142444954951799 0.142491613491075 0.142549305362509
3.15151575757576 0.134844606351031 0.134888004213789 0.134949387882623
3.23232382828283 0.127565860061347 0.127595861485066 0.127661082300622
3.3131318989899 0.120604586599037 0.120612776420244 0.120681979002858
3.39393996969697 0.113955359543786 0.113936340134664 0.114009668375683
3.47474804040404 0.107611681784759 0.107564143743663 0.107641740805449
3.55555611111111 0.101566184455784 0.10149358894742 0.101575598549093
3.63636418181818 0.0958108014364426 0.0957183132560473 0.0958049081068469
3.71717225252525 0.0903369220138385 0.0902284923363005 0.0903199018499456
3.79798032323232 0.0851355240441777 0.0850141730420431 0.0851106844798096
3.87878839393939 0.080197289721756 0.0800654022271388 0.0801673606978597
3.95959646464646 0.0755127058532227 0.0753722267454517 0.0754800352055165
4.04040453535354 0.0710721503451549 0.0709246934508455 0.0710388127042009
4.12121260606061 0.0668659664411574 0.0667128491971842 0.0668337978953336
4.20202067676768 0.0628845260892811 0.0627267408383316 0.0628550954803353
4.28282874747475 0.0591182836799954 0.0589564152281516 0.0590928101606268
4.36363681818182 0.0555578212678958 0.055391919220508 0.0555370466376288
4.44444488888889 0.0521938862755308 0.0520232996692647 0.0521779096127622
4.52525295959596 0.0490174225740412 0.0488406034282857 0.0490055037874476
4.60606103030303 0.0460195957417061 0.0458338773514347 0.0460099338631058
4.6868691010101 0.0431918132170223 0.042993174114437 0.043181310324266
4.76767717171717 0.04052573998677 0.0403096118806493 0.0405107858130387
4.84848524242424 0.0380133103808469 0.0377766080913485 0.0379917537683184
4.92929331313131 0.0356467364837886 0.0353878795598621 0.0356178981608427
5.01010138383838 0.033418513617183 0.0331371430995178 0.0333829029613489
5.09090945454545 0.0313214232970587 0.0310181155236433 0.0312804521405745
5.17171752525253 0.0293485340252385 0.0290245136455661 0.029304229669257
5.2525255959596 0.0274932002331348 0.027150054278614 0.0274479195181337
5.33333366666667 0.025749059660063 0.0253884542361145 0.0257052056579421
5.41414173737374 0.0241100294154963 0.0237334303313954 0.0240697720594197
5.49494980808081 0.0225703009453878 0.0221786993777843 0.0225353026933038
5.57575787878788 0.0211243340964441 0.0207179781886088 0.0210954815303319
5.65656594949495 0.0197668504487356 0.0193449835771966 0.0197439925412414
5.73737402020202 0.0184928260660107 0.0180534323568753 0.0184745196967697
5.81818209090909 0.0172974837943001 0.0168370658988082 0.0172807780520098
5.89899016161616 0.0161762852226324 0.0156907198471815 0.0161578437571821
5.97979823232323 0.0151249224047313 0.0146107378238127 0.0151026548575123
6.0606063030303 0.0141393094272523 0.0135935734257832 0.0141122837347472
6.14141437373737 0.0132155738982712 0.0126356802501747 0.0131838027706339
6.22222244444444 0.0123500484192199 0.0117335118940685 0.012314284346919
6.30303051515151 0.0115392620941312 0.0108835219545462 0.0115008008453497
6.38383858585859 0.0107799321217935 0.0100821640286893 0.0107404246476728
6.46464665656566 0.0100689555091105 0.00932589171357923 0.0100302281356352
6.54545472727273 0.0094034009375162 0.00861115860629757 0.00936728369098376
6.6262627979798 0.00878050080861999 0.00793441830392578 0.00874866369546548
6.70707086868687 0.00819764349026985 0.00729212440354537 0.00817144053082724
6.78787893939394 0.00765236577985301 0.00668073050223784 0.00763268657881595
6.86868701010101 0.0071423455978333 0.00609669019708468 0.00712947422117851
6.94949508080808 0.00666539492119752 0.00553658286040016 0.00665892717580679
7.03030315151515 0.00621945296359398 0.00499857749297051 0.00621884160053562
7.11111122222222 0.00580257960644726 0.0044819326369668 0.00580748634138728
7.19191929292929 0.00541294908318156 0.00398592809690955 0.00542314006771969
7.27272736363636 0.00504884391684151 0.00350984367731932 0.0050640814488908
7.35353543434343 0.0047086491098292 0.00305295918271661 0.00472858915425853
7.4343435050505 0.00439084658314777 0.00261455441762198 0.00441494185318082
7.51515157575758 0.00409400986142816 0.00219390918655595 0.00412141821501559
7.59595964646465 0.00381679899908982 0.00179030329403905 0.00384629690912078
7.67676771717172 0.00355795574222688 0.00140301654459182 0.00358785660485431
7.75757578787879 0.00331629892019802 0.00103132874273478 0.00334437597157412
7.83838385858586 0.00309072006041239 0.000674519692988481 0.00311413367863815
7.91919192929293 0.00288017921943021 0.000331869199873443 0.00289540839540432
8 0.00268370102322009 2.65706791019855E-06 0.00268647879123056


1E-06 9.999990000005E-07 9.99999E-07 9.99999E-07
0.0909100808080808 0.0830099777316032 0.083010044684251 0.0830100457107472
0.181819161616162 0.151592108029744 0.151593633361733 0.151593641101825
0.272728242424242 0.207627915084477 0.207630650522028 0.207630675147041
0.363637323232323 0.252780034817354 0.252781734336255 0.252781789404244
0.454546404040404 0.288516882797335 0.288525627395364 0.288525729017959
0.545455484848485 0.316133854087853 0.316137356330923 0.316137522298376
0.636364565656566 0.336772305243072 0.33678652335888 0.33678677278256
0.727273646464647 0.35143654382232 0.351447729744086 0.351448082388305
0.818182727272727 0.361009028370874 0.36101885967514 0.36101933554245
0.909091808080808 0.366263961589428 0.366290539826233 0.366291159436468
1.00000088888889 0.367879441171297 0.367896742481339 0.367897525981568
1.09090996969697 0.366448316334014 0.366458441839087 0.366459408840328
1.18181905050505 0.362487883236905 0.362522653179701 0.362523823824189
1.27272813131313 0.356448539101652 0.356489286823131 0.356490680783001
1.36363721212121 0.348721502796963 0.348740857720009 0.348742493634885
1.45454629292929 0.339645698783075 0.339659198311653 0.339661093885816
1.54545537373737 0.32951389152108 0.329562370073873 0.329564543982982
1.63636445454545 0.318578148631186 0.318653595702481 0.318656067045588
1.72727353535354 0.307054703138497 0.307124080291596 0.307126868009479
1.81818261616162 0.295128277989068 0.295165028935332 0.295168151810502
1.9090916969697 0.28295592957571 0.282967646727807 0.282971123384501
2.00000077777778 0.27067046121245 0.27070326301927 0.270707113160254
2.09090985858586 0.258383452275603 0.25845719770104 0.258461442190132
2.18181893939394 0.246187944031268 0.246291510727983 0.2462961701922
2.27272802020202 0.234160818942114 0.234268261667393 0.234273356496044
2.3636371010101 0.22236490644435 0.222449510086566 0.222455060431247
2.45454618181818 0.21085084476665 0.210897315552796 0.210903341327396
2.54545526262626 0.199658725288859 0.199673737633375 0.199680258514076
2.63636434343434 0.188819543175246 0.188834373658256 0.188841410080282
2.72727342424242 0.178356475534161 0.17839427970961 0.178401856343044
2.81818250505051 0.168286006125329 0.168352825616256 0.168360971721362
2.90909158585859 0.158618913632566 0.158709347220138 0.158718096634824
3.00000066666667 0.149361138720845 0.149463180363203 0.149472571503022
3.09090974747475 0.1405145434819 0.140613660887393 0.140623736745545
3.18181882828283 0.132077575423494 0.132160124634654 0.132170932781982
3.27272790909091 0.124045846857609 0.124101907446931 0.124113500031925
3.36363698989899 0.116412639376974 0.116438345166168 0.116450778914963
3.45454607070707 0.109169342064246 0.109168734258562 0.109182070461767
3.54545515151515 0.102305831141462 0.102287978557587 0.102302281848123
3.63636423232323 0.0958107979282187 0.0957826437694764 0.0957979799370233
3.72727331313131 0.0896720312255468 0.0896383640024741 0.0896547997677198
3.81818239393939 0.0838766595696453 0.0838407733648259 0.0838583763794626
3.90909147474748 0.0784113581976236 0.078375505964777 0.0783943448115021
4.00000055555556 0.0732625250288776 0.0732281959105732 0.0732483401030885
4.09090963636364 0.0684164294842381 0.0683844773104595 0.0684059972934724
4.18181871717172 0.0638593375347281 0.0638299842726814 0.0638529514219041
4.2727277979798 0.059577615987382 0.0595503509054844 0.059574837527634
4.36363687878788 0.0555578186723915 0.0555312113171139 0.0555572906499125
4.45454595959596 0.0517867568895902 0.0517581996158151 0.0517859458279899
4.54545504040404 0.0482515561991378 0.0482169742319823 0.0482464626350171
4.63636412121212 0.0449397013977887 0.0448948558503382 0.044926175737234
4.7272732020202 0.0418390713052186 0.041781865646024 0.0418151402176193
4.81818228282828 0.0389379647917678 0.0388682722166377 0.0389036602942309
4.90909136363636 0.0362251193071441 0.0361443441597771 0.0361820401851268
5.00000044444444 0.0336897230168569 0.03360035007304 0.0336405841083647
5.09090952525253 0.0313214215174323 0.0312265585540245 0.0312695962820026
5.18181860606061 0.0291103199809606 0.0290132382003283 0.0290593809240983
5.27272768686869 0.0270469814726407 0.0269506576095494 0.0270002422527097
5.36363676767677 0.0251224220902566 0.0250290853792856 0.0250824844858946
5.45454584848485 0.0233281034906323 0.0232387901071348 0.023296411841711
5.54545492929293 0.0216559232939104 0.0215700403906949 0.0216323285382167
5.63636401010101 0.020098203790921 0.0200131048275639 0.0200805387934696
5.72727309090909 0.0186476793210232 0.0185588330062178 0.0186319208221375
5.81818217171717 0.0172974826367665 0.0172012881227425 0.017280524276688
5.90909125252525 0.0160411305267753 0.0159356383079158 0.0160214881041155
6.00000033333333 0.0148725089287451 0.0147570527022959 0.0148499522378785
6.09090941414141 0.0137858577297359 0.0136607004464412 0.0137610566114357
6.1818184949495 0.0127757554205296 0.0126417506809096 0.0127499411582455
6.27272757575758 0.0118371037441942 0.0116953725462596 0.0118117458117667
6.36363665656566 0.0109651124557456 0.0108167351830492 0.0109416105054576
6.45454573737374 0.0101552842895227 0.0100010077318368 0.010134675172777
6.54545481818182 0.00940340021326438 0.00924335933318046 0.00938607974718329
6.6363638989899 0.00870550503257755 0.00853895912763844 0.00869096416213515
6.72727297979798 0.00805789339625265 0.007882976256439 0.00804446835165129
6.81818206060606 0.00745709624146776 0.00727100330667623 0.00744221956585864
6.90909114141414 0.00689986770810968 0.00670026779553761 0.00688173339371648
7.00000022222222 0.0063831725430391 0.00616839176716995 0.00636098275064747
7.0909093030303 0.00590417400796458 0.00567299726572003 0.00587794055207425
7.18181838383838 0.00546022229851523 0.00521170633533466 0.00543057971341947
7.27272746464647 0.00504884347698013 0.00478214102016061 0.00501687315010577
7.36363654545455 0.00466772891689309 0.00438192336434468 0.00463479377755581
7.45454562626263 0.004314725254079 0.00400867541203367 0.00428231451119223
7.54545470707071 0.00398782483584851 0.00366001920737436 0.00395740826643769
7.63636378787879 0.00368515665764818 0.00333357679451354 0.00365804795871482
7.72727286868687 0.0034049777745697 0.00302697021759802 0.00338220650344628
7.81818194949495 0.00314566517363014 0.00273782152077457 0.00312785681605472
7.90909103030303 0.0029057080915978 0.00246375274819 0.00289297181196278
8.00000011111111 0.00268370076230473 0.00220242359456734 0.00267554221068389
8.09090919191919 0.00247833557681363 0.00195244584854593 0.00247402816589947
8.18181827272727 0.00228839663945419 0.00171343385353709 0.00228739519735053
8.27272735353535 0.00211275370257822 0.0014850497041379 0.00211463382750405
8.36363643434343 0.00195035646287426 0.00126695549494545 0.00195473457882704
8.45454551515152 0.00180022920220477 0.00105881332055683 0.0018066879737865
8.5454545959596 0.00166146575615971 0.00086028527556912 0.00166948453484944
8.63636367676768 0.00153322479383944 0.000671033454579407 0.00154211478448286
8.72727275757576 0.00141472539277059 0.000490719952184773 0.00142356924515374
8.81818183838384 0.00130524289330606 0.00031900686298231 0.0013128384393291
8.90909091919192 0.00120410501735087 0.000155556281569096 0.00120891288947593
9 0.00111068823678012 3.03025422242626E-08 0.00111078311806123


1E-06 9.999990000005E-07 9.99999E-07 9.99999E-07
0.101011090909091 0.0913062490856405 0.0913062937513142 0.0913062939885589
0.202021181818182 0.165066986544605 0.165068097680968 0.165068099458027
0.303031272727273 0.223811624899012 0.223815244178538 0.223815249799218
0.404041363636364 0.269744683329544 0.269749059728935 0.269749072224085
0.505051454545455 0.304785685683323 0.304791791002739 0.304791813920834
0.606061545454545 0.330603573880356 0.330613988265537 0.330614025490397
0.707071636363636 0.348647139391167 0.348659434792331 0.348659490432559
0.808081727272727 0.360171920264981 0.360181656477023 0.360181734718673
0.909091818181818 0.366263961959387 0.366289954663154 0.366290059799877
1.01010190909091 0.367860796322737 0.367872892132888 0.367873028358041
1.111112 0.365769953940225 0.365788890498437 0.36578906191295
1.21212209090909 0.360685290164288 0.36072538211018 0.360725592922151
1.31313218181818 0.353201374054297 0.353227842508441 0.353228096776356
1.41414227272727 0.343826161742449 0.343837411454902 0.34383771305512
1.51515236363636 0.33299215105834 0.333038019995861 0.333038372910314
1.61616245454545 0.321066192258698 0.321139475316042 0.321139883547803
1.71717254545455 0.308358110130573 0.308418577012835 0.308419044381442
1.81818263636364 0.295128275306082 0.295152124683632 0.295152654825084
1.91919272727273 0.28159424711268 0.281614172043588 0.281614768472383
2.02020281818182 0.267936596477554 0.267997513715725 0.26799818037576
2.12121290909091 0.254304005122914 0.254402139043312 0.254402880203841
2.222223 0.240817726365482 0.24092296946412 0.24092378964855
2.32323309090909 0.227575483120624 0.227654926415922 0.227655830401817
2.42424318181818 0.214654870077535 0.214692931336489 0.214693924155568
2.52525327272727 0.202116319339132 0.202131711496842 0.202132798443387
2.62626336363636 0.190005682003688 0.190038077585229 0.190039264406475
2.72727345454545 0.178356472111158 0.178422063951505 0.178423356700411
2.82828354545455 0.167191814001962 0.167286809903944 0.167288214844071
2.92929363636364 0.156526129365185 0.156635454750824 0.156636978356329
3.03030372727273 0.146366596020094 0.146471137800419 0.146472786756059
3.13131381818182 0.13671440672044 0.136796998361004 0.136798779562137
3.23232390909091 0.127565852942141 0.127616175740856 0.127618096293437
3.333334 0.11891325566464 0.118931809248251 0.118933876468833
3.43434409090909 0.110745762542403 0.110744418586316 0.110746640237357
3.53535418181818 0.103050028548304 0.10303966446472 0.103042050105935
3.63636427272727 0.0958107951216396 0.0957979749253195 0.0958005363951378
3.73737436363636 0.089011381040577 0.0889997721701093 0.0890025235862584
3.83838445454545 0.082634096635485 0.0826254784010828 0.0826284361605892
3.93939454545455 0.0766605915423056 0.0766555158202337 0.0766586985994232
4.04040463636364 0.0710721449429535 0.0710703066295559 0.0710737353840529
4.14141472727273 0.0658499061340058 0.0658502730310431 0.0658539709957712
4.24242481818182 0.0609750922891125 0.0609758372266889 0.0609798299158708
4.34343490909091 0.0564291494198515 0.0564274214184872 0.0564317366256444
4.444445 0.0521938817810573 0.0521856607455232 0.0521903284669725
4.54545509090909 0.0482515542983189 0.0482339627900806 0.0482390140781619
4.64646518181818 0.0445849720070066 0.0445576757724281 0.0445631418586242
4.74747527272727 0.0411775399746413 0.0411421878245106 0.0411481000976486
4.84848536363636 0.0380133067235057 0.0379728870782731 0.0379792770845247
4.94949545454545 0.0350769937708401 0.0350351616656604 0.0350420611085419
5.05050554545455 0.0323540135533421 0.0323143997186173 0.0323218404589895
5.15151563636364 0.029830477695278 0.0297959893690888 0.0298040034251571
5.25252572727273 0.0274931973102467 0.0274653187490196 0.027473938296334
5.35353581818182 0.0253296767910281 0.0253077759903548 0.0253170333618097
5.45454590909091 0.023328102336009 0.0233087572696104 0.023318684955895
5.555556 0.0214773262808885 0.0214555667689854 0.021466202272079
5.65656609090909 0.0197668481475948 0.019739869738366 0.0197512689492334
5.75757618181818 0.0181867931858374 0.0181539379796236 0.0181661773994806
5.85858627272727 0.0167278890640199 0.0166900432946291 0.0167032200349427
5.95959636363636 0.0153814412631926 0.0153404574852538 0.0153546892677421
6.06060645454545 0.0141393076384155 0.0140974523533688 0.0141128775100009
6.16161654545455 0.0129938725346451 0.0129532997008452 0.0129700771738416
6.26262663636364 0.011938020777558 0.0119002713295543 0.0119185806713862
6.36363672727273 0.0109651118022692 0.0109306390413671 0.0109506804147571
6.46464681818182 0.0100689541335285 0.0100366746381547 0.0100586688160766
6.56565690909091 0.00924378038866583 0.00921075936011618 0.00923494657672753
6.666667 0.00848422293840187 0.00844742022965578 0.00847404083212559
6.76767709090909 0.00778529032985145 0.00774314204153613 0.0077724205629199
6.86868718181818 0.00714234454992862 0.00709448132773747 0.00712662602580281
6.96969727272727 0.00655107918529867 0.00649799462024007 0.00653319747746673
7.07070736363636 0.00600749851647612 0.00595023845102417 0.00598867517460404
7.17171745454545 0.00550789756816788 0.00544776935207004 0.00548959937390713
7.27272754545455 0.00504884312509104 0.00498714385535793 0.00503251033206838
7.37373763636364 0.00462715571189505 0.00456491849286809 0.00461394830578018
7.47474772727273 0.00423989252716902 0.00417764979658079 0.00423045355173493
7.57575781818182 0.00388433131454121 0.00382189429847627 0.00387856632662499
7.67676790909091 0.00355795514833583 0.00349420853053479 0.00355482688714278
7.777778 0.00325843810693269 0.00319135093623717 0.00325599657578193
7.87878809090909 0.00298363180369348 0.00291140789404755 0.00298029614964728
7.97979818181818 0.00273155274291501 0.00265300224599425 0.00272653792072974
8.08080827272727 0.00250037046660651 0.00241475833325019 0.00249353588530862
8.18181836363636 0.00228839645684477 0.00219530049698827 0.00228010403966323
8.28282845454545 0.0020940737579338 0.00199325307838143 0.00208505638007289
8.38383854545454 0.0019159672824949 0.00180724041860256 0.0019072069028169
8.48484863636364 0.00175275476586251 0.0016358868588246 0.00174536960417457
8.58585872727273 0.00160321833369299 0.00147781674022046 0.00159835848042523
8.68686881818182 0.00146623664845282 0.00133165440396305 0.00146498752784818
8.78787890909091 0.00134077760138926 0.00119602419122529 0.00134407074272273
8.888889 0.00122589151766069 0.00106955044318011 0.00123442212132819
8.98989909090909 0.00112070484347947 0.000950857501000405 0.00113485565994388
9.09090918181818 0.0010244142853683 0.00083857999329577 0.00104419004354845
9.19191927272727 0.000936281372927181 0.000731842582102615 0.000961475447981049
9.29292936363636 0.000855627417830586 0.000630464171275567 0.000886094810535961
9.39393945454545 0.000781828843107535 0.000534316353732432 0.000817456851155589
9.49494954545455 0.000714312858085318 0.000443270722391013 0.000754970289782326
9.59595963636364 0.000652553455690533 0.00035719887016912 0.000698043846358573
9.69696972727273 0.000596067710088676 0.000275972389984556 0.000646086240826725
9.79797981818182 0.000544412353898974 0.000199462874755126 0.000598506193129177
9.89898990909091 0.000497180615438506 0.000127541917398636 0.000554712423208328
10 0.000453999297624849 6.00811108328907E-05 0.000514113651006572


