0 40794.1311913211 9.86960440108936
1 40764.5343127196 39.4784176043574
2 40715.2379972641 88.8264396098042
3 40646.2899359558 157.91367041743
4 40557.756831591 246.740110027234
5 40449.7243342306 355.305758439217
6 40322.2969583387 483.610615653379
7 40175.5979816715 631.654681669719
8 40009.7693260147 799.437956488238
9 39824.9714198828 986.960440108936
10 39621.3830433147 1194.22213253181
11 39399.2011549165 1421.22303375687
12 39158.6407013156 1667.9631437841
13 38899.9344092146 1934.44246261351
14 38623.3325602428 2220.66099024511
15 38329.1027488253 2526.61872667888
16 38017.5296233017 2852.31567191482
17 37688.9146105486 3197.75182595295
18 37343.5756243675 3562.92718879326
19 36981.846757924 3947.84176043574
20 36604.0779605346 4352.49554088041
21 36210.6346991131 4776.88853012725
22 35801.8976046047 5221.02072817627
23 35378.2621037504 5684.89213502747
24 34940.1380365373 6168.50275068085
25 34487.9492597048 6671.85257513641
26 34022.13323669 7194.94160839414
27 33543.140614411 7737.76985045406
28 33051.4347872948 8300.33730131615
29 32547.4914489725 8882.64396098042
30 32031.7981320776 9484.68982944687
31 31504.8537365885 10106.4749067155
32 30967.1680471757 10747.9991927863
