0 0 0
0.0099009900990099 0.0439818470100157 0
0.0198019801980198 -0.0879211444235715 0
0.0297029702970297 0.131775383808197 0
0.0396039603960396 -0.175502139019571 0
0.0495049504950495 0.219059107246073 0
0.0594059405940594 -0.262404149934013 0
0.0693069306930693 0.305495333553989 0
0.0792079207920792 -0.348290970168848 0
0.0891089108910891 0.390749657764092 0
0.099009900990099 -0.432830320301625 0
0.108910891089109 0.474492247458166 0
0.118811881188119 -0.515695134009881 0
0.128712871287129 0.556399118825069 0
0.138613861386139 -0.596564823427244 0
0.148514851485149 0.636153390091266 0
0.158415841584158 -0.675126519435677 0
0.168316831683168 0.713446507474875 0
0.178217821782178 -0.751076282095297 0
0.188118811881188 0.787979438920282 0
0.198019801980198 -0.824120276528956 0
0.207920792079208 0.859463830995056 0
0.217821782178218 -0.893975909712263 0
0.227722772277228 0.927623124473333 0
0.237623762376238 -0.960372923771061 0
0.247524752475248 0.992193624289725 0
0.257425742574257 -1.02305444155669 0
0.267326732673267 1.05292551972436 0
0.277227722772277 -1.08177796045381 0
0.287128712871287 1.10958385087205 0
0.297029702970297 -1.1363162905759 0
0.306930693069307 1.16194941765644 0
0.316831683168317 -1.18645843371872 0
0.326732673267327 1.20981962787257 0
0.336633663366337 -1.23201039967142 0
0.346534653465347 1.25300928097672 0
0.356435643564356 -1.272795956727 0
0.366336633663366 1.29135128459139 0
0.376237623762376 -1.30865731348856 0
0.386138613861386 1.32469730095321 0
0.396039603960396 -1.33945572933341 0
0.405940594059406 1.35291832080285 0
0.415841584158416 -1.36507205117376 0
0.425742574257426 1.37590516249693 0
0.435643564356436 -1.38540717443682 0
0.445544554455446 1.39356889441056 0
0.455445544554455 -1.40038242648116 0
0.465346534653465 1.4058411789964 0
0.475247524752475 -1.40993987096578 0
0.485148514851485 1.41267453716953 0
0.495049504950495 -1.41404253199471 0
0.504950495049505 1.41404253199468 0
0.514851485148515 -1.41267453716945 0
0.524752475247525 1.40993987096565 0
0.534653465346535 -1.40584117899622 0
0.544554455445545 1.40038242648094 0
0.554455445544555 -1.39356889441032 0
0.564356435643564 1.38540717443659 0
0.574257425742574 -1.37590516249669 0
0.584158415841584 1.3650720511735 0
0.594059405940594 -1.35291832080259 0
0.603960396039604 1.33945572933314 0
0.613861386138614 -1.32469730095294 0
0.623762376237624 1.30865731348829 0
0.633663366336634 -1.29135128459113 0
0.643564356435644 1.27279595672674 0
0.653465346534653 -1.25300928097644 0
0.663366336633663 1.23201039967112 0
0.673267326732673 -1.20981962787225 0
0.683168316831683 1.18645843371837 0
0.693069306930693 -1.16194941765608 0
0.702970297029703 1.13631629057551 0
0.712871287128713 -1.10958385087163 0
0.722772277227723 1.08177796045338 0
0.732673267326733 -1.05292551972392 0
0.742574257425743 1.02305444155624 0
0.752475247524752 -0.992193624289262 0
0.762376237623762 0.960372923770584 0
0.772277227722772 -0.927623124472862 0
0.782178217821782 0.89397590971179 0
0.792079207920792 -0.859463830994589 0
0.801980198019802 0.824120276528482 0
0.811881188118812 -0.787979438919794 0
0.821782178217822 0.751076282094789 0
0.831683168316832 -0.713446507474349 0
0.841584158415842 0.675126519435132 0
0.851485148514851 -0.636153390090711 0
0.861386138613861 0.596564823426687 0
0.871287128712871 -0.556399118824528 0
0.881188118811881 0.515695134009373 0
0.891089108910891 -0.474492247457702 0
0.900990099009901 0.432830320301218 0
0.910891089108911 -0.390749657763743 0
0.920792079207921 0.348290970168542 0
0.930693069306931 -0.305495333553722 0
0.940594059405941 0.262404149933789 0
0.95049504950495 -0.21905910724589 0
0.96039603960396 0.175502139019439 0
0.97029702970297 -0.131775383808109 0
0.98019801980198 0.0879211444235166 0
0.99009900990099 -0.0439818470099876 0
1 0 0

0 0 0
0.0099009900990099 0.0879211444233958 0
0.0198019801980198 -0.17550213901921 0
0.0297029702970297 0.26240414993347 0
0.0396039603960396 -0.348290970168167 0
0.0495049504950495 0.432830320300793 0
0.0594059405940594 -0.515695134008898 0
0.0693069306930693 0.596564823426154 0
0.0792079207920792 -0.675126519434554 0
0.0891089108910891 0.751076282094176 0
0.099009900990099 -0.824120276527872 0
0.108910891089109 0.893975909711214 0
0.118811881188119 -0.960372923770079 0
0.128712871287129 1.02305444155582 0
0.138613861386139 -1.08177796045309 0
0.148514851485149 1.13631629057532 0
0.158415841584158 -1.18645843371827 0
0.168316831683168 1.23201039967111 0
0.178217821782178 -1.27279595672683 0
0.188118811881188 1.30865731348846 0
0.198019801980198 -1.33945572933337 0
0.207920792079208 1.3650720511738 0
0.217821782178218 -1.38540717443695 0
0.227722772277228 1.40038242648137 0
0.237623762376238 -1.40993987096608 0
0.247524752475248 1.41404253199509 0
0.257425742574257 -1.41267453716987 0
0.267326732673267 1.40584117899664 0
0.277227722772277 -1.39356889441068 0
0.287128712871287 1.37590516249695 0
0.297029702970297 -1.35291832080275 0
0.306930693069307 1.32469730095299 0
0.316831683168317 -1.29135128459107 0
0.326732673267327 1.25300928097626 0
0.336633663366337 -1.20981962787196 0
0.346534653465347 1.16194941765568 0
0.356435643564356 -1.10958385087114 0
0.366336633663366 1.05292551972332 0
0.376237623762376 -0.992193624288565 0
0.386138613861386 0.927623124472107 0
0.396039603960396 -0.859463830993814 0
0.405940594059406 0.787979438919038 0
0.415841584158416 -0.713446507473644 0
0.425742574257426 0.636153390090085 0
0.435643564356436 -0.556399118823995 0
0.445544554455446 0.474492247457274 0
0.455445544554455 -0.390749657763411 0
0.465346534653465 0.305495333553501 0
0.475247524752475 -0.219059107245781 0
0.485148514851485 0.131775383808122 0
0.495049504950495 -0.0439818470101406 0
0.504950495049505 -0.0439818470097013 0
0.514851485148515 0.131775383807697 0
0.524752475247525 -0.219059107245387 0
0.534653465346535 0.305495333553159 0
0.544554455445545 -0.390749657763141 0
0.554455445544555 0.474492247457089 0
0.564356435643564 -0.556399118823908 0
0.574257425742574 0.63615339009009 0
0.584158415841584 -0.713446507473753 0
0.594059405940594 0.787979438919247 0
0.603960396039604 -0.859463830994113 0
0.613861386138614 0.927623124472492 0
0.623762376237624 -0.992193624289032 0
0.633663366336634 1.05292551972387 0
0.643564356435644 -1.10958385087179 0
0.653465346534653 1.1619494176564 0
0.663366336633663 -1.20981962787276 0
0.673267326732673 1.25300928097712 0
0.683168316831683 -1.29135128459197 0
0.693069306930693 1.32469730095391 0
0.702970297029703 -1.35291832080367 0
0.712871287128713 1.37590516249787 0
0.722772277227723 -1.39356889441158 0
0.732673267326733 1.40584117899753 0
0.742574257425743 -1.41267453717074 0
0.752475247524752 1.41404253199594 0
0.762376237623762 -1.4099398709669 0
0.772277227722772 1.40038242648215 0
0.782178217821782 -1.3854071744377 0
0.792079207920792 1.36507205117451 0
0.801980198019802 -1.33945572933402 0
0.811881188118812 1.30865731348906 0
0.821782178217822 -1.27279595672737 0
0.831683168316832 1.23201039967161 0
0.841584158415842 -1.18645843371873 0
0.851485148514851 1.13631629057572 0
0.861386138613861 -1.08177796045345 0
0.871287128712871 1.02305444155616 0
0.881188118811881 -0.960372923770405 0
0.891089108910891 0.893975909711525 0
0.900990099009901 -0.824120276528163 0
0.910891089108911 0.751076282094448 0
0.920792079207921 -0.675126519434788 0
0.930693069306931 0.59656482342637 0
0.940594059405941 -0.515695134009087 0
0.95049504950495 0.432830320300959 0
0.96039603960396 -0.348290970168316 0
0.97029702970297 0.262404149933595 0
0.98019801980198 -0.175502139019298 0
0.99009900990099 0.0879211444234392 0
1 0 0

0 0 0
0.0099009900990099 0.13177538380813 0
0.0198019801980198 -0.262404149933842 0
0.0297029702970297 0.390749657763849 0
0.0396039603960396 -0.515695134009542 0
0.0495049504950495 0.636153390090917 0
0.0594059405940594 -0.751076282095051 0
0.0693069306930693 0.859463830994916 0
0.0792079207920792 -0.96037292377103 0
0.0891089108910891 1.05292551972451 0
0.099009900990099 -1.13631629057625 0
0.108910891089109 1.20981962787311 0
0.118811881188119 -1.27279595672771 0
0.128712871287129 1.32469730095398 0
0.138613861386139 -1.36507205117456 0
0.148514851485149 1.39356889441138 0
0.158415841584158 -1.40993987096662 0
0.168316831683168 1.41404253199549 0
0.178217821782178 -1.40584117899691 0
0.188118811881188 1.38540717443706 0
0.198019801980198 -1.35291832080281 0
0.207920792079208 1.30865731348825 0
0.217821782178218 -1.25300928097612 0
0.227722772277228 1.18645843371777 0
0.237623762376238 -1.10958385087078 0
0.247524752475248 1.02305444155511 0
0.257425742574257 -0.927623124471539 0
0.267326732673267 0.824120276527039 0
0.277227722772277 -0.713446507472841 0
0.287128712871287 0.596564823425193 0
0.297029702970297 -0.474492247456261 0
0.306930693069307 0.34829097016718 0
0.316831683168317 -0.219059107244636 0
0.326732673267327 0.0879211444224279 0
0.336633663366337 0.0439818470108653 0
0.346534653465347 -0.175502139020094 0
0.356435643564356 0.305495333554189 0
0.366336633663366 -0.432830320301508 0
0.376237623762376 0.556399118824648 0
0.386138613861386 -0.675126519435082 0
0.396039603960396 0.78797943891964 0
0.405940594059406 -0.893975909711594 0
0.415841584158416 0.992193624289099 0
0.425742574257426 -1.08177796045333 0
0.435643564356436 1.16194941765615 0
0.445544554455446 -1.23201039967135 0
0.455445544554455 1.29135128459151 0
0.465346534653465 -1.33945572933364 0
0.475247524752475 1.37590516249733 0
0.485148514851485 -1.40038242648171 0
0.495049504950495 1.41267453717026 0
0.504950495049505 -1.41267453717032 0
0.514851485148515 1.40038242648188 0
0.524752475247525 -1.37590516249762 0
0.534653465346535 1.33945572933405 0
0.544554455445545 -1.29135128459204 0
0.554455445544555 1.23201039967198 0
0.564356435643564 -1.1619494176569 0
0.574257425742574 1.08177796045416 0
0.584158415841584 -0.992193624289987 0
0.594059405940594 0.893975909712518 0
0.603960396039604 -0.787979438920565 0
0.613861386138614 0.67512651943599 0
0.623762376237624 -0.556399118825497 0
0.633663366336634 0.432830320302281 0
0.643564356435644 -0.305495333554868 0
0.653465346534653 0.17550213902067 0
0.663366336633663 -0.0439818470113166 0
0.673267326732673 -0.0879211444220977 0
0.683168316831683 0.219059107244421 0
0.693069306930693 -0.348290970167064 0
0.702970297029703 0.474492247456248 0
0.712871287128713 -0.596564823425264 0
0.722772277227723 0.713446507472984 0
0.732673267326733 -0.82412027652722 0
0.742574257425743 0.927623124471758 0
0.752475247524752 -1.02305444155534 0
0.762376237623762 1.10958385087099 0
0.772277227722772 -1.18645843371796 0
0.782178217821782 1.25300928097626 0
0.792079207920792 -1.30865731348832 0
0.801980198019802 1.35291832080279 0
0.811881188118812 -1.38540717443693 0
0.821782178217822 1.40584117899667 0
0.831683168316832 -1.41404253199512 0
0.841584158415842 1.40993987096612 0
0.851485148514851 -1.39356889441076 0
0.861386138613861 1.36507205117383 0
0.871287128712871 -1.32469730095314 0
0.881188118811881 1.27279595672679 0
0.891089108910891 -1.20981962787213 0
0.900990099009901 1.13631629057522 0
0.910891089108911 -1.05292551972345 0
0.920792079207921 0.960372923769974 0
0.930693069306931 -0.859463830993899 0
0.940594059405941 0.751076282094089 0
0.95049504950495 -0.636153390090055 0
0.96039603960396 0.515695134008809 0
0.97029702970297 -0.390749657763282 0
0.98019801980198 0.262404149933449 0
0.99009900990099 -0.131775383807922 0
1 0 0

0 0 0
0.0099009900990099 0.175502139019339 0
0.0198019801980198 -0.348290970168382 0
0.0297029702970297 0.51569513400919 0
0.0396039603960396 -0.675126519434935 0
0.0495049504950495 0.824120276528328 0
0.0594059405940594 -0.960372923770574 0
0.0693069306930693 1.0817779604536 0
0.0792079207920792 -1.18645843371881 0
0.0891089108910891 1.27279595672738 0
0.099009900990099 -1.33945572933394 0
0.108910891089109 1.3854071744375 0
0.118811881188119 -1.4099398709666 0
0.128712871287129 1.41267453717035 0
0.138613861386139 -1.39356889441117 0
0.148514851485149 1.35291832080326 0
0.158415841584158 -1.29135128459162 0
0.168316831683168 1.2098196278725 0
0.178217821782178 -1.10958385087161 0
0.188118811881188 0.992193624288941 0
0.198019801980198 -0.859463830994068 0
0.207920792079208 0.713446507473728 0
0.217821782178218 -0.556399118823886 0
0.227722772277228 0.390749657763104 0
0.237623762376238 -0.219059107245299 0
0.247524752475248 0.0439818470095065 0
0.257425742574257 0.13177538380844 0
0.267326732673267 -0.30549533355393 0
0.277227722772277 0.474492247457814 0
0.287128712871287 -0.636153390090726 0
0.297029702970297 0.787979438919768 0
0.306930693069307 -0.927623124472878 0
0.316831683168317 1.05292551972409 0
0.326732673267327 -1.16194941765643 0
0.336633663366337 1.25300928097699 0
0.346534653465347 -1.32469730095365 0
0.356435643564356 1.37590516249755 0
0.366336633663366 -1.40584117899718 0
0.376237623762376 1.4140425319956 0
0.386138613861386 -1.40038242648184 0
0.396039603960396 1.36507205117422 0
0.405940594059406 -1.3086573134888 0
0.415841584158416 1.23201039967139 0
0.425742574257426 -1.13631629057551 0
0.435643564356436 1.02305444155596 0
0.445544554455446 -0.893975909711324 0
0.455445544554455 0.751076282094237 0
0.465346534653465 -0.596564823426136 0
0.475247524752475 0.43283032030071 0
0.485148514851485 -0.262404149933347 0
0.495049504950495 0.0879211444231949 0
0.504950495049505 0.0879211444236766 0
0.514851485148515 -0.262404149933826 0
0.524752475247525 0.432830320301183 0
0.534653465346535 -0.596564823426597 0
0.544554455445545 0.751076282094665 0
0.554455445544555 -0.893975909711716 0
0.564356435643564 1.0230544415563 0
0.574257425742574 -1.13631629057579 0
0.584158415841584 1.23201039967161 0
0.594059405940594 -1.30865731348895 0
0.603960396039604 1.36507205117429 0
0.613861386138614 -1.40038242648183 0
0.623762376237624 1.41404253199549 0
0.633663366336634 -1.405841178997 0
0.643564356435644 1.37590516249728 0
0.653465346534653 -1.32469730095328 0
0.663366336633663 1.2530092809765 0
0.673267326732673 -1.16194941765583 0
0.683168316831683 1.05292551972337 0
0.693069306930693 -0.927623124472063 0
0.702970297029703 0.787979438918868 0
0.712871287128713 -0.636153390089766 0
0.722772277227723 0.474492247456826 0
0.732673267326733 -0.305495333552938 0
0.742574257425743 0.131775383807486 0
0.752475247524752 0.0439818470103823 0
0.762376237623762 -0.219059107246069 0
0.772277227722772 0.390749657763757 0
0.782178217821782 -0.556399118824402 0
0.792079207920792 0.713446507474092 0
0.801980198019802 -0.859463830994275 0
0.811881188118812 0.992193624288987 0
0.821782178217822 -1.1095838508715 0
0.831683168316832 1.20981962787224 0
0.841584158415842 -1.29135128459125 0
0.851485148514851 1.35291832080279 0
0.861386138613861 -1.3935688944106 0
0.871287128712871 1.41267453716969 0
0.881188118811881 -1.40993987096584 0
0.891089108910891 1.38540717443667 0
0.900990099009901 -1.33945572933305 0
0.910891089108911 1.27279595672647 0
0.920792079207921 -1.18645843371789 0
0.930693069306931 1.0817779604527 0
0.940594059405941 -0.960372923769728 0
0.95049504950495 0.824120276527575 0
0.96039603960396 -0.67512651943429 0
0.97029702970297 0.515695134008687 0
0.98019801980198 -0.348290970168037 0
0.99009900990099 0.175502139019154 0
1 0 0

0 0 0
0.0099009900990099 0.219059107245734 0
0.0198019801980198 -0.432830320300986 0
0.0297029702970297 0.63615339009043 0
0.0396039603960396 -0.824120276528214 0
0.0495049504950495 0.992193624289124 0
0.0594059405940594 -1.13631629057562 0
0.0693069306930693 1.25300928097679 0
0.0792079207920792 -1.33945572933365 0
0.0891089108910891 1.39356889441094 0
0.099009900990099 -1.4140425319952 0
0.108910891089109 1.40038242648133 0
0.118811881188119 -1.35291832080264 0
0.128712871287129 1.2727959567264 0
0.138613861386139 -1.1619494176553 0
0.148514851485149 1.02305444155503 0
0.158415841584158 -0.859463830993084 0
0.168316831683168 0.675126519433506 0
0.178217821782178 -0.474492247456086 0
0.188118811881188 0.262404149932221 0
0.198019801980198 -0.0439818470085773 0
0.207920792079208 -0.175502139020648 0
0.217821782178218 0.390749657764809 0
0.227722772277228 -0.59656482342764 0
0.237623762376238 0.787979438920674 0
0.247524752475248 -0.960372923771508 0
0.257425742574257 1.10958385087272 0
0.267326732673267 -1.23201039967234 0
0.277227722772277 1.32469730095423 0
0.287128712871287 -1.38540717443787 0
0.297029702970297 1.41267453717058 0
0.306930693069307 -1.40584117899715 0
0.316831683168317 1.36507205117406 0
0.326732673267327 -1.29135128459127 0
0.336633663366337 1.18645843371804 0
0.346534653465347 -1.05292551972312 0
0.356435643564356 0.893975909710603 0
0.366336633663366 -0.713446507472965 0
0.376237623762376 0.515695134007948 0
0.386138613861386 -0.305495333552329 0
0.396039603960396 0.087921144422249 0
0.405940594059406 0.131775383809165 0
0.415841584158416 -0.348290970169442 0
0.425742574257426 0.556399118825301 0
0.435643564356436 -0.75107628209546 0
0.445544554455446 0.927623124473542 0
0.455445544554455 -1.08177796045422 0
0.465346534653465 1.20981962787326 0
0.475247524752475 -1.30865731348943 0
0.485148514851485 1.37590516249788 0
0.495049504950495 -1.4099398709668 0
0.504950495049505 1.40993987096663 0
0.514851485148515 -1.37590516249739 0
0.524752475247525 1.30865731348864 0
0.534653465346535 -1.20981962787222 0
0.544554455445545 1.08177796045299 0
0.554455445544555 -0.927623124472158 0
0.564356435643564 0.751076282093969 0
0.574257425742574 -0.556399118823741 0
0.584158415841584 0.348290970167849 0
0.594059405940594 -0.131775383807579 0
0.603960396039604 -0.0879211444237906 0
0.613861386138614 0.305495333553785 0
0.623762376237624 -0.515695134009279 0
0.633663366336634 0.713446507474121 0
0.643564356435644 -0.893975909711552 0
0.653465346534653 1.05292551972383 0
0.663366336633663 -1.18645843371851 0
0.673267326732673 1.29135128459149 0
0.683168316831683 -1.36507205117402 0
0.693069306930693 1.40584117899685 0
0.702970297029703 -1.41267453717003 0
0.712871287128713 1.38540717443707 0
0.722772277227723 -1.32469730095322 0
0.732673267326733 1.23201039967114 0
0.742574257425743 -1.10958385087139 0
0.752475247524752 0.960372923770078 0
0.762376237623762 -0.787979438919194 0
0.772277227722772 0.596564823426152 0
0.782178217821782 -0.390749657763333 0
0.792079207920792 0.175502139019208 0
0.801980198019802 0.0439818470099564 0
0.811881188118812 -0.262404149933523 0
0.821782178217822 0.474492247457292 0
0.831683168316832 -0.675126519434599 0
0.841584158415842 0.85946383099404 0
0.851485148514851 -1.02305444155583 0
0.861386138613861 1.16194941765592 0
0.871287128712871 -1.27279595672683 0
0.881188118811881 1.35291832080287 0
0.891089108910891 -1.40038242648139 0
0.900990099009901 1.4140425319951 0
0.910891089108911 -1.39356889441072 0
0.920792079207921 1.33945572933334 0
0.930693069306931 -1.25300928097642 0
0.940594059405941 1.13631629057523 0
0.95049504950495 -0.992193624288714 0
0.96039603960396 0.824120276527824 0
0.97029702970297 -0.636153390090099 0
0.98019801980198 0.432830320300751 0
0.99009900990099 -0.219059107245612 0
1 0 0

