Part 1: Test
A
    3.000     2.000     4.000 
    2.000     0.000     2.000 
    4.000     2.000     3.000 
A transformed
    3.000     2.000     4.000 
    2.000     0.000     2.000 
    4.000     2.000     3.000 
A back
    3.000     2.000     4.000 
    2.000     0.000     2.000 
    4.000     2.000     3.000 
VDVT
    3.000     2.000     4.000 
    2.000     0.000     2.000 
    4.000     2.000     3.000 
V
    0.667    -0.447    -0.596 
    0.333     0.894    -0.298 
    0.667     0.000     0.745 
D
    8.000     0.000     0.000 
    0.000    -1.000     0.000 
    0.000     0.000    -1.000 
VTAV
    8.000     0.000     0.000 
    0.000    -1.000     0.000 
    0.000     0.000    -1.000 
